1.319899542633755516e+02
1.398120798383532133e+02
1.476342054133308750e+02
1.554563309883085367e+02
1.632784565632861984e+02
1.711005821382638601e+02
1.789227077132414934e+02
1.867448332882191835e+02
1.945669588631968168e+02
2.023890844381745069e+02
2.102112100131521402e+02
2.180333355881298303e+02
2.258554611631074636e+02
2.336775867380851253e+02
2.414997123130627870e+02
2.493218378880404487e+02
2.571439634630181104e+02
2.649660890379957436e+02
2.727882146129734338e+02
2.806103401879511239e+02
2.884324657629287572e+02
2.962545913379063904e+02
3.040767169128840806e+02
3.118988424878617707e+02
3.197209680628393471e+02
3.275430936378170372e+02
3.353652192127947274e+02
3.431873447877723606e+02
3.510094703627499939e+02
3.588315959377276840e+02
3.666537215127053742e+02
3.744758470876830074e+02
3.822979726626606407e+02
3.901200982376383308e+02
3.979422238126160210e+02
4.057643493875935974e+02
4.135864749625712875e+02
4.214086005375489776e+02
4.292307261125266677e+02
4.370528516875042442e+02
4.448749772624819343e+02
4.526971028374596244e+02
4.605192284124373145e+02
4.683413539874148910e+02
4.761634795623925811e+02
4.839856051373702712e+02
4.918077307123479613e+02
4.996298562873255378e+02
5.074519818623032279e+02
5.152741074372809180e+02
5.230962330122584945e+02
5.309183585872361846e+02
5.387404841622138747e+02
5.465626097371915648e+02
5.543847353121691413e+02
5.622068608871468314e+02
5.700289864621245215e+02
5.778511120371022116e+02
5.856732376120797881e+02
5.934953631870574782e+02
6.013174887620351683e+02
6.091396143370128584e+02
6.169617399119904348e+02
6.247838654869681250e+02
6.326059910619458151e+02
6.404281166369233915e+02
6.482502422119010816e+02
6.560723677868787718e+02
6.638944933618564619e+02
6.717166189368341520e+02
6.795387445118117284e+02
6.873608700867894186e+02
6.951829956617671087e+02
7.030051212367447988e+02
7.108272468117223752e+02
7.186493723867000654e+02
7.264714979616777555e+02
7.342936235366554456e+02
7.421157491116330220e+02
7.499378746866107122e+02
7.577600002615884023e+02
7.655821258365659787e+02
7.734042514115436688e+02
7.812263769865213590e+02
7.890485025614990491e+02
7.968706281364766255e+02
8.046927537114543156e+02
8.125148792864320058e+02
8.203370048614096959e+02
8.281591304363872723e+02
8.359812560113649624e+02
8.438033815863426526e+02
8.516255071613203427e+02
8.594476327362979191e+02
8.672697583112756092e+02
8.750918838862532994e+02
8.829140094612308758e+02
8.907361350362085659e+02
8.985582606111862560e+02
9.063803861861639461e+02
9.142025117611415226e+02
9.220246373361192127e+02
9.298467629110969028e+02
9.376688884860745929e+02
9.454910140610521694e+02
9.533131396360298595e+02
9.611352652110075496e+02
9.689573907859852397e+02
9.767795163609628162e+02
9.846016419359405063e+02
9.924237675109181964e+02
1.000245893085895887e+03
1.008068018660873463e+03
1.015890144235851153e+03
1.023712269810828843e+03
1.031534395385806420e+03
1.039356520960784110e+03
1.047178646535761800e+03
1.055000772110739490e+03
1.062822897685716953e+03
1.070645023260694643e+03
1.078467148835672333e+03
1.086289274410650023e+03
1.094111399985627713e+03
1.101933525560605403e+03
1.109755651135583093e+03
1.117577776710560784e+03
1.125399902285538246e+03
1.133222027860515936e+03
1.141044153435493627e+03
1.148866279010471317e+03
1.156688404585449007e+03
1.164510530160426470e+03
1.172332655735404160e+03
1.180154781310381850e+03
1.187976906885359540e+03
1.195799032460337230e+03
1.203621158035314920e+03
1.211443283610292610e+03
1.219265409185270300e+03
1.227087534760247763e+03
1.234909660335225453e+03
1.242731785910203143e+03
1.250553911485180834e+03
1.258376037060158524e+03
1.266198162635136214e+03
1.274020288210113904e+03
1.281842413785091367e+03
1.289664539360069057e+03
1.297486664935046747e+03
1.305308790510024437e+03
1.313130916085002127e+03
1.320953041659979817e+03
1.328775167234957507e+03
1.336597292809935198e+03
1.344419418384912660e+03
1.352241543959890350e+03
1.360063669534868041e+03
1.367885795109845731e+03
1.375707920684823421e+03
1.383530046259801111e+03
1.391352171834778801e+03
1.399174297409756264e+03
1.406996422984733954e+03
1.414818548559711644e+03
1.422640674134689334e+03
1.430462799709667024e+03
1.438284925284644714e+03
1.446107050859622404e+03
1.453929176434600095e+03
1.461751302009577557e+03
1.469573427584555247e+03
1.477395553159532938e+03
1.485217678734510628e+03
1.493039804309488318e+03
1.500861929884466008e+03
1.508684055459443698e+03
1.516506181034421161e+03
1.524328306609398851e+03
1.532150432184376541e+03
1.539972557759354231e+03
1.547794683334331921e+03
1.555616808909309611e+03
1.563438934484287302e+03
1.571261060059264992e+03
1.579083185634242454e+03
1.586905311209220145e+03
1.594727436784197835e+03
1.602549562359175525e+03
1.610371687934153215e+03
1.618193813509130905e+03
1.626015939084108595e+03
1.633838064659086058e+03
1.641660190234063748e+03
1.649482315809041438e+03
1.657304441384019128e+03
1.665126566958996818e+03
1.672948692533974508e+03
1.680770818108952199e+03
1.688592943683929889e+03
1.696415069258907351e+03
1.704237194833885042e+03
1.712059320408862732e+03
1.719881445983840422e+03
1.727703571558818112e+03
1.735525697133795802e+03
1.743347822708773492e+03
1.751169948283751182e+03
1.758992073858728645e+03
1.766814199433706335e+03
1.774636325008684025e+03
1.782458450583661715e+03
1.790280576158639406e+03
1.798102701733617096e+03
1.805924827308594786e+03
1.813746952883572249e+03
1.821569078458549939e+03
1.829391204033527629e+03
1.837213329608505319e+03
1.845035455183483009e+03
1.852857580758460699e+03
1.860679706333438389e+03
1.868501831908416079e+03
1.876323957483393542e+03
1.884146083058371232e+03
1.891968208633348922e+03
1.899790334208326612e+03
1.907612459783304303e+03
1.915434585358281993e+03
1.923256710933259683e+03
1.931078836508237146e+03
1.938900962083214836e+03
1.946723087658192526e+03
1.954545213233170216e+03
1.962367338808147906e+03
1.970189464383125596e+03
1.978011589958103286e+03
1.985833715533080976e+03
1.993655841108058439e+03
2.001477966683036129e+03
2.009300092258013819e+03
2.017122217832991510e+03
2.024944343407969200e+03
2.032766468982946890e+03
2.040588594557924580e+03
2.048410720132902043e+03
2.056232845707879733e+03
2.064054971282857423e+03
2.071877096857835113e+03
2.079699222432812803e+03
2.087521348007790493e+03
2.095343473582768183e+03
2.103165599157745874e+03
2.110987724732723564e+03
2.118809850307701254e+03
2.126631975882678944e+03
2.134454101457656634e+03
2.142276227032634324e+03
2.150098352607612014e+03
2.157920478182589704e+03
2.165742603757566940e+03
2.173564729332544630e+03
2.181386854907522775e+03
2.189208980482500465e+03
2.197031106057477700e+03
2.204853231632455390e+03
2.212675357207433080e+03
2.220497482782410771e+03
2.228319608357388461e+03
2.236141733932366151e+03
2.243963859507343841e+03
2.251785985082321531e+03
2.259608110657299221e+03
2.267430236232276911e+03
2.275252361807254601e+03
2.283074487382232292e+03
2.290896612957209982e+03
2.298718738532187672e+03
2.306540864107165362e+03
2.314362989682142597e+03
2.322185115257120287e+03
2.330007240832097978e+03
2.337829366407075668e+03
2.345651491982053358e+03
2.353473617557031048e+03
2.361295743132008738e+03
2.369117868706986428e+03
2.376939994281964118e+03
2.384762119856941808e+03
2.392584245431919499e+03
2.400406371006897189e+03
2.408228496581874879e+03
2.416050622156852569e+03
2.423872747731830259e+03
2.431694873306807494e+03
2.439516998881785184e+03
2.447339124456762875e+03
2.455161250031740565e+03
2.462983375606718255e+03
2.470805501181695945e+03
2.478627626756673635e+03
2.486449752331651325e+03
2.494271877906629015e+03
2.502094003481606705e+03
2.509916129056584396e+03
2.517738254631562086e+03
2.525560380206539776e+03
2.533382505781517466e+03
2.541204631356495156e+03
2.549026756931472391e+03
2.556848882506450082e+03
2.564671008081427772e+03
2.572493133656405462e+03
2.580315259231383152e+03
2.588137384806360842e+03
2.595959510381338532e+03
2.603781635956316222e+03
2.611603761531293912e+03
2.619425887106271603e+03
2.627248012681249293e+03
2.635070138256226983e+03
2.642892263831204673e+03
2.650714389406182363e+03
2.658536514981160053e+03
2.666358640556137289e+03
2.674180766131114979e+03
2.682002891706092669e+03
2.689825017281070359e+03
2.697647142856048049e+03
2.705469268431025739e+03
2.713291394006003429e+03
2.721113519580981119e+03
2.728935645155958809e+03
2.736757770730936500e+03
2.744579896305914190e+03
2.752402021880891880e+03
2.760224147455869570e+03
2.768046273030847260e+03
2.775868398605824950e+03
2.783690524180802186e+03
2.791512649755779876e+03
2.799334775330757566e+03
2.807156900905735256e+03
2.814979026480712946e+03
2.822801152055690636e+03
2.830623277630668326e+03
2.838445403205646016e+03
2.846267528780623707e+03
2.854089654355601397e+03
2.861911779930579087e+03
2.869733905505556777e+03
2.877556031080534467e+03
2.885378156655512157e+03
2.893200282230489847e+03
2.901022407805467083e+03
2.908844533380444773e+03
2.916666658955422463e+03
2.924488784530400153e+03
2.932310910105377843e+03
2.940133035680355533e+03
2.947955161255333223e+03
2.955777286830310914e+03
2.963599412405288604e+03
2.971421537980266294e+03
2.979243663555243984e+03
2.987065789130221674e+03
2.994887914705199364e+03
3.002710040280177054e+03
3.010532165855154744e+03
3.018354291430131980e+03
3.026176417005109670e+03
3.033998542580087360e+03
3.041820668155065050e+03
3.049642793730042740e+03
3.057464919305020430e+03
3.065287044879998120e+03
3.073109170454975811e+03
3.080931296029953501e+03
3.088753421604931191e+03
3.096575547179908881e+03
3.104397672754886571e+03
3.112219798329864261e+03
3.120041923904841951e+03
3.127864049479819641e+03
3.135686175054796877e+03
3.143508300629774567e+03
3.151330426204752257e+03
3.159152551779729947e+03
3.166974677354707637e+03
3.174796802929685327e+03
3.182618928504663018e+03
3.190441054079640708e+03
3.198263179654618398e+03
3.206085305229596088e+03
3.213907430804573778e+03
3.221729556379551468e+03
3.229551681954529158e+03
3.237373807529506848e+03
3.245195933104484538e+03
3.253018058679462229e+03
3.260840184254439464e+03
3.268662309829417154e+03
3.276484435404394844e+03
3.284306560979372534e+03
3.292128686554350224e+03
3.299950812129327915e+03
3.307772937704305605e+03
3.315595063279283295e+03
3.323417188854260985e+03
3.331239314429238675e+03
3.339061440004216365e+03
3.346883565579194055e+03
3.354705691154171745e+03
3.362527816729149436e+03
3.370349942304127126e+03
3.378172067879104361e+03
3.385994193454082051e+03
3.393816319029059741e+03
3.401638444604037431e+03
3.409460570179015122e+03
3.417282695753992812e+03
3.425104821328970502e+03
3.432926946903948192e+03
3.440749072478925882e+03
3.448571198053903572e+03
3.456393323628881262e+03
3.464215449203858952e+03
3.472037574778836643e+03
3.479859700353814333e+03
3.487681825928792023e+03
3.495503951503769258e+03
3.503326077078746948e+03
3.511148202653724638e+03
3.518970328228702328e+03
3.526792453803680019e+03
3.534614579378657709e+03
3.542436704953635399e+03
3.550258830528613089e+03
3.558080956103590779e+03
3.565903081678568469e+03
3.573725207253546159e+03
3.581547332828523849e+03
3.589369458403501540e+03
3.597191583978479230e+03
3.605013709553456920e+03
3.612835835128434155e+03
3.620657960703411845e+03
3.628480086278389535e+03
3.636302211853367226e+03
3.644124337428344916e+03
3.651946463003322606e+03
3.659768588578300296e+03
3.667590714153277986e+03
3.675412839728255676e+03
3.683234965303233366e+03
3.691057090878211056e+03
3.698879216453188747e+03
3.706701342028166437e+03
3.714523467603144127e+03
3.722345593178121817e+03
3.730167718753099052e+03
3.737989844328076742e+03
3.745811969903054433e+03
3.753634095478032123e+03
3.761456221053009813e+03
3.769278346627987503e+03
3.777100472202965193e+03
3.784922597777942883e+03
3.792744723352920573e+03
3.800566848927898263e+03
3.808388974502875953e+03
3.816211100077853644e+03
3.824033225652831334e+03
3.831855351227809024e+03
3.839677476802786714e+03
3.847499602377763949e+03
3.855321727952741639e+03
3.863143853527719330e+03
3.870965979102697020e+03
3.878788104677674710e+03
3.886610230252652400e+03
3.894432355827630090e+03
3.902254481402607780e+03
3.910076606977585470e+03
3.917898732552563160e+03
3.925720858127540851e+03
3.933542983702518541e+03
3.941365109277496231e+03
3.949187234852473921e+03
3.957009360427451611e+03
3.964831486002428846e+03
3.972653611577406537e+03
3.980475737152384227e+03
3.988297862727361917e+03
3.996119988302339607e+03
4.003942113877317297e+03
4.011764239452294987e+03
4.019586365027272677e+03
4.027408490602250367e+03
4.035230616177228057e+03
4.043052741752205748e+03
4.050874867327183438e+03
4.058696992902161128e+03
4.066519118477138818e+03
4.074341244052116508e+03
4.082163369627093743e+03
4.089985495202071434e+03
4.097807620777049124e+03
4.105629746352026814e+03
4.113451871927004504e+03
4.121273997501982194e+03
4.129096123076959884e+03
4.136918248651937574e+03
4.144740374226915264e+03
4.152562499801892955e+03
4.160384625376870645e+03
4.168206750951848335e+03
4.176028876526826025e+03
4.183851002101803715e+03
4.191673127676781405e+03
4.199495253251758186e+03
4.207317378826735876e+03
4.215139504401713566e+03
4.222961629976691256e+03
4.230783755551669856e+03
4.238605881126647546e+03
4.246428006701625236e+03
4.254250132276602926e+03
4.262072257851579707e+03
4.269894383426557397e+03
4.277716509001535087e+03
4.285538634576512777e+03
4.293360760151490467e+03
4.301182885726468157e+03
4.309005011301445847e+03
4.316827136876423538e+03
4.324649262451401228e+03
4.332471388026378918e+03
4.340293513601356608e+03
4.348115639176334298e+03
4.355937764751311988e+03
4.363759890326289678e+03
4.371582015901267368e+03
4.379404141476245059e+03
4.387226267051222749e+03
4.395048392626200439e+03
4.402870518201178129e+03
4.410692643776155819e+03
4.418514769351133509e+03
4.426336894926111199e+03
4.434159020501088889e+03
4.441981146076066580e+03
4.449803271651044270e+03
4.457625397226021960e+03
4.465447522800999650e+03
4.473269648375977340e+03
4.481091773950955030e+03
4.488913899525932720e+03
4.496736025100909501e+03
4.504558150675887191e+03
4.512380276250864881e+03
4.520202401825842571e+03
4.528024527400820261e+03
4.535846652975797952e+03
4.543668778550775642e+03
4.551490904125753332e+03
4.559313029700731022e+03
4.567135155275708712e+03
4.574957280850686402e+03
4.582779406425664092e+03
4.590601532000641782e+03
4.598423657575619472e+03
4.606245783150597163e+03
4.614067908725574853e+03
4.621890034300552543e+03
4.629712159875530233e+03
4.637534285450507923e+03
4.645356411025485613e+03
4.653178536600463303e+03
4.661000662175440993e+03
4.668822787750418684e+03
4.676644913325396374e+03
4.684467038900374064e+03
4.692289164475351754e+03
4.700111290050329444e+03
4.707933415625307134e+03
4.715755541200284824e+03
4.723577666775262514e+03
4.731399792350239295e+03
4.739221917925216985e+03
4.747044043500194675e+03
4.754866169075172365e+03
4.762688294650150056e+03
4.770510420225127746e+03
4.778332545800105436e+03
4.786154671375083126e+03
4.793976796950060816e+03
4.801798922525038506e+03
4.809621048100016196e+03
4.817443173674993886e+03
4.825265299249971577e+03
4.833087424824949267e+03
4.840909550399926957e+03
4.848731675974904647e+03
4.856553801549882337e+03
4.864375927124860027e+03
4.872198052699837717e+03
4.880020178274815407e+03
4.887842303849793097e+03
4.895664429424770788e+03
4.903486554999748478e+03
4.911308680574726168e+03
4.919130806149703858e+03
4.926952931724681548e+03
4.934775057299659238e+03
4.942597182874636928e+03
4.950419308449614618e+03
4.958241434024592309e+03
4.966063559599569089e+03
4.973885685174546779e+03
4.981707810749524469e+03
4.989529936324502160e+03
4.997352061899479850e+03
5.005174187474457540e+03
5.012996313049435230e+03
5.020818438624412920e+03
5.028640564199390610e+03
5.036462689774368300e+03
5.044284815349345990e+03
5.052106940924323681e+03
5.059929066499301371e+03
5.067751192074279061e+03
5.075573317649256751e+03
5.083395443224234441e+03
5.091217568799212131e+03
5.099039694374189821e+03
5.106861819949167511e+03
5.114683945524145201e+03
5.122506071099122892e+03
5.130328196674100582e+03
5.138150322249078272e+03
5.145972447824055962e+03
5.153794573399033652e+03
5.161616698974011342e+03
5.169438824548989032e+03
5.177260950123966722e+03
5.185083075698944413e+03
5.192905201273922103e+03
5.200727326848898883e+03
5.208549452423876573e+03
5.216371577998854264e+03
5.224193703573831954e+03
5.232015829148809644e+03
5.239837954723787334e+03
5.247660080298765024e+03
5.255482205873742714e+03
5.263304331448720404e+03
5.271126457023698094e+03
5.278948582598675785e+03
5.286770708173653475e+03
5.294592833748631165e+03
5.302414959323608855e+03
5.310237084898586545e+03
5.318059210473564235e+03
5.325881336048541925e+03
5.333703461623519615e+03
5.341525587198497306e+03
5.349347712773474996e+03
5.357169838348452686e+03
5.364991963923430376e+03
5.372814089498408066e+03
5.380636215073385756e+03
5.388458340648363446e+03
5.396280466223341136e+03
5.404102591798318826e+03
5.411924717373296517e+03
5.419746842948274207e+03
5.427568968523251897e+03
5.435391094098228677e+03
5.443213219673206368e+03
5.451035345248184058e+03
5.458857470823161748e+03
5.466679596398139438e+03
5.474501721973117128e+03
5.482323847548094818e+03
5.490145973123072508e+03
5.497968098698050198e+03
5.505790224273027889e+03
5.513612349848005579e+03
5.521434475422983269e+03
5.529256600997960959e+03
5.537078726572938649e+03
5.544900852147916339e+03
5.552722977722894029e+03
5.560545103297871719e+03
5.568367228872849410e+03
5.576189354447827100e+03
5.584011480022804790e+03
5.591833605597782480e+03
5.599655731172760170e+03
5.607477856747737860e+03
5.615299982322715550e+03
5.623122107897693240e+03
5.630944233472670930e+03
5.638766359047648621e+03
5.646588484622626311e+03
5.654410610197604001e+03
5.662232735772581691e+03
5.670054861347558472e+03
5.677876986922536162e+03
5.685699112497513852e+03
5.693521238072491542e+03
5.701343363647469232e+03
5.709165489222446922e+03
5.716987614797424612e+03
5.724809740372402302e+03
5.732631865947379993e+03
5.740453991522357683e+03
5.748276117097335373e+03
5.756098242672313063e+03
5.763920368247290753e+03
5.771742493822268443e+03
5.779564619397246133e+03
5.787386744972223823e+03
5.795208870547201514e+03
5.803030996122179204e+03
5.810853121697156894e+03
5.818675247272134584e+03
5.826497372847112274e+03
5.834319498422089964e+03
5.842141623997067654e+03
5.849963749572045344e+03
5.857785875147023035e+03
5.865608000722000725e+03
5.873430126296978415e+03
5.881252251871956105e+03
5.889074377446933795e+03
5.896896503021911485e+03
5.904718628596888266e+03
5.912540754171865956e+03
5.920362879746843646e+03
5.928185005321821336e+03
5.936007130896799026e+03
5.943829256471776716e+03
5.951651382046754406e+03
5.959473507621732097e+03
5.967295633196709787e+03
5.975117758771687477e+03
5.982939884346665167e+03
5.990762009921642857e+03
5.998584135496620547e+03
6.006406261071598237e+03
6.014228386646575927e+03
6.022050512221553618e+03
6.029872637796531308e+03
6.037694763371508998e+03
6.045516888946486688e+03
6.053339014521464378e+03
6.061161140096442068e+03
6.068983265671419758e+03
6.076805391246397448e+03
6.084627516821375139e+03
6.092449642396352829e+03
6.100271767971330519e+03
6.108093893546308209e+03
6.115916019121285899e+03
6.123738144696263589e+03
6.131560270271241279e+03
6.139382395846218060e+03
6.147204521421195750e+03
6.155026646996173440e+03
6.162848772571151130e+03
6.170670898146128820e+03
6.178493023721106510e+03
6.186315149296084201e+03
6.194137274871061891e+03
6.201959400446039581e+03
6.209781526021017271e+03
6.217603651595994961e+03
6.225425777170972651e+03
6.233247902745950341e+03
6.241070028320928031e+03
6.248892153895905722e+03
6.256714279470883412e+03
6.264536405045861102e+03
6.272358530620838792e+03
6.280180656195816482e+03
6.288002781770794172e+03
6.295824907345771862e+03
6.303647032920749552e+03
6.311469158495727243e+03
6.319291284070704933e+03
6.327113409645682623e+03
6.334935535220660313e+03
6.342757660795638003e+03
6.350579786370615693e+03
6.358401911945593383e+03
6.366224037520571073e+03
6.374046163095548764e+03
6.381868288670525544e+03
6.389690414245503234e+03
6.397512539820480924e+03
6.405334665395458615e+03
6.413156790970436305e+03
6.420978916545413995e+03
6.428801042120391685e+03
6.436623167695369375e+03
6.444445293270347065e+03
6.452267418845324755e+03
6.460089544420302445e+03
6.467911669995280135e+03
6.475733795570257826e+03
6.483555921145235516e+03
6.491378046720213206e+03
6.499200172295190896e+03
6.507022297870168586e+03
6.514844423445146276e+03
6.522666549020123966e+03
6.530488674595101656e+03
6.538310800170079347e+03
6.546132925745057037e+03
6.553955051320034727e+03
6.561777176895012417e+03
6.569599302469990107e+03
6.577421428044967797e+03
6.585243553619945487e+03
6.593065679194923177e+03
6.600887804769900868e+03
6.608709930344878558e+03
6.616532055919855338e+03
6.624354181494833028e+03
6.632176307069810719e+03
6.639998432644788409e+03
6.647820558219766099e+03
6.655642683794743789e+03
6.663464809369721479e+03
6.671286934944699169e+03
6.679109060519676859e+03
6.686931186094654549e+03
6.694753311669632240e+03
6.702575437244609930e+03
6.710397562819587620e+03
6.718219688394565310e+03
6.726041813969543000e+03
6.733863939544520690e+03
6.741686065119498380e+03
6.749508190694476070e+03
6.757330316269453760e+03
6.765152441844431451e+03
6.772974567419409141e+03
6.780796692994386831e+03
6.788618818569364521e+03
6.796440944144342211e+03
6.804263069719319901e+03
6.812085195294297591e+03
6.819907320869275281e+03
6.827729446444252972e+03
6.835551572019230662e+03
6.843373697594208352e+03
6.851195823169185132e+03
6.859017948744162823e+03
6.866840074319140513e+03
6.874662199894118203e+03
6.882484325469095893e+03
6.890306451044073583e+03
6.898128576619051273e+03
6.905950702194028963e+03
6.913772827769006653e+03
6.921594953343984344e+03
6.929417078918962034e+03
6.937239204493939724e+03
6.945061330068917414e+03
6.952883455643895104e+03
6.960705581218872794e+03
6.968527706793850484e+03
6.976349832368828174e+03
6.984171957943805864e+03
6.991994083518783555e+03
6.999816209093761245e+03
7.007638334668738935e+03
7.015460460243716625e+03
7.023282585818694315e+03
7.031104711393672005e+03
7.038926836968649695e+03
7.046748962543627385e+03
7.054571088118605076e+03
7.062393213693582766e+03
7.070215339268560456e+03
7.078037464843538146e+03
7.085859590418514927e+03
7.093681715993492617e+03
7.101503841568470307e+03
7.109325967143447997e+03
7.117148092718425687e+03
7.124970218293403377e+03
7.132792343868381067e+03
7.140614469443358757e+03
7.148436595018336448e+03
7.156258720593314138e+03
7.164080846168291828e+03
7.171902971743269518e+03
7.179725097318247208e+03
7.187547222893224898e+03
7.195369348468202588e+03
7.203191474043180278e+03
7.211013599618157969e+03
7.218835725193135659e+03
7.226657850768113349e+03
7.234479976343091039e+03
7.242302101918068729e+03
7.250124227493046419e+03
7.257946353068024109e+03
7.265768478643001799e+03
7.273590604217979489e+03
7.281412729792957180e+03
7.289234855367934870e+03
7.297056980942912560e+03
7.304879106517890250e+03
7.312701232092867940e+03
7.320523357667844721e+03
7.328345483242822411e+03
7.336167608817800101e+03
7.343989734392777791e+03
7.351811859967755481e+03
7.359633985542733171e+03
7.367456111117710861e+03
7.375278236692688552e+03
7.383100362267666242e+03
7.390922487842643932e+03
7.398744613417621622e+03
7.406566738992599312e+03
7.414388864567577002e+03
7.422210990142554692e+03
7.430033115717532382e+03
7.437855241292510073e+03
7.445677366867487763e+03
7.453499492442465453e+03
7.461321618017443143e+03
7.469143743592420833e+03
7.476965869167398523e+03
7.484787994742376213e+03
7.492610120317353903e+03
7.500432245892331593e+03
7.508254371467309284e+03
7.516076497042286974e+03
7.523898622617264664e+03
7.531720748192242354e+03
7.539542873767220044e+03
7.547364999342197734e+03
7.555187124917174515e+03
7.563009250492152205e+03
7.570831376067129895e+03
7.578653501642107585e+03
7.586475627217085275e+03
7.594297752792062965e+03
7.602119878367040656e+03
7.609942003942018346e+03
7.617764129516996036e+03
7.625586255091973726e+03
7.633408380666951416e+03
7.641230506241929106e+03
7.649052631816906796e+03
7.656874757391884486e+03
7.664696882966862177e+03
7.672519008541839867e+03
7.680341134116817557e+03
7.688163259691795247e+03
7.695985385266772937e+03
7.703807510841750627e+03
7.711629636416728317e+03
7.719451761991706007e+03
7.727273887566683698e+03
7.735096013141661388e+03
7.742918138716639078e+03
7.750740264291616768e+03
7.758562389866594458e+03
7.766384515441572148e+03
7.774206641016549838e+03
7.782028766591527528e+03
7.789850892166504309e+03
7.797673017741481999e+03
7.805495143316459689e+03
7.813317268891437379e+03
7.821139394466415069e+03
7.828961520041392760e+03
7.836783645616370450e+03
7.844605771191348140e+03
7.852427896766325830e+03
7.860250022341303520e+03
7.868072147916281210e+03
7.875894273491258900e+03
7.883716399066236590e+03
7.891538524641214281e+03
7.899360650216191971e+03
7.907182775791169661e+03
7.915004901366147351e+03
7.922827026941125041e+03
7.930649152516102731e+03
7.938471278091080421e+03
7.946293403666058111e+03
