0.000000000000000000e+00
1.015179044173986685e-03
2.030358088347973371e-03
3.045537132521960056e-03
4.060716176695946741e-03
5.075895220869933860e-03
6.091074265043920112e-03
7.106253309217906364e-03
8.121432353391893483e-03
9.136611397565880602e-03
1.015179044173986772e-02
1.116696948591385311e-02
1.218214853008784022e-02
1.319732757426182734e-02
1.421250661843581273e-02
1.522768566260979985e-02
1.624286470678378697e-02
1.725804375095777235e-02
1.827322279513176120e-02
1.928840183930574659e-02
2.030358088347973544e-02
2.131875992765372083e-02
2.233393897182770621e-02
2.334911801600169506e-02
2.436429706017568045e-02
2.537947610434966583e-02
2.639465514852365469e-02
2.740983419269764007e-02
2.842501323687162545e-02
2.944019228104561431e-02
3.045537132521959969e-02
3.147055036939358508e-02
3.248572941356757393e-02
3.350090845774156278e-02
3.451608750191554470e-02
3.553126654608953355e-02
3.654644559026352241e-02
3.756162463443750432e-02
3.857680367861149318e-02
3.959198272278548203e-02
4.060716176695947088e-02
4.162234081113345280e-02
4.263751985530744165e-02
4.365269889948143051e-02
4.466787794365541242e-02
4.568305698782940127e-02
4.669823603200339013e-02
4.771341507617737204e-02
4.872859412035136090e-02
4.974377316452534975e-02
5.075895220869933167e-02
5.177413125287332052e-02
5.278931029704730937e-02
5.380448934122129129e-02
5.481966838539528014e-02
5.583484742956926900e-02
5.685002647374325091e-02
5.786520551791723976e-02
5.888038456209122862e-02
5.989556360626521747e-02
6.091074265043919939e-02
6.192592169461318824e-02
6.294110073878717015e-02
6.395627978296115901e-02
6.497145882713514786e-02
6.598663787130913672e-02
6.700181691548312557e-02
6.801699595965711442e-02
6.903217500383108940e-02
7.004735404800507825e-02
7.106253309217906711e-02
7.207771213635305596e-02
7.309289118052704481e-02
7.410807022470103367e-02
7.512324926887500864e-02
7.613842831304899750e-02
7.715360735722298635e-02
7.816878640139697521e-02
7.918396544557096406e-02
8.019914448974495291e-02
8.121432353391894177e-02
8.222950257809291674e-02
8.324468162226690560e-02
8.425986066644089445e-02
8.527503971061488330e-02
8.629021875478887216e-02
8.730539779896286101e-02
8.832057684313683599e-02
8.933575588731082484e-02
9.035093493148481369e-02
9.136611397565880255e-02
9.238129301983279140e-02
9.339647206400678026e-02
9.441165110818075523e-02
9.542683015235474409e-02
9.644200919652873294e-02
9.745718824070272179e-02
9.847236728487671065e-02
9.948754632905069950e-02
1.005027253732246884e-01
1.015179044173986633e-01
1.025330834615726522e-01
1.035482625057466410e-01
1.045634415499206299e-01
1.055786205940946187e-01
1.065937996382686076e-01
1.076089786824425826e-01
1.086241577266165714e-01
1.096393367707905603e-01
1.106545158149645491e-01
1.116696948591385380e-01
1.126848739033125268e-01
1.137000529474865018e-01
1.147152319916604907e-01
1.157304110358344795e-01
1.167455900800084684e-01
1.177607691241824572e-01
1.187759481683564461e-01
1.197911272125304349e-01
1.208063062567044099e-01
1.218214853008783988e-01
1.228366643450523876e-01
1.238518433892263765e-01
1.248670224334003653e-01
1.258822014775743403e-01
1.268973805217483430e-01
1.279125595659223180e-01
1.289277386100963207e-01
1.299429176542702957e-01
1.309580966984442707e-01
1.319732757426182734e-01
1.329884547867922484e-01
1.340036338309662511e-01
1.350188128751402261e-01
1.360339919193142288e-01
1.370491709634882038e-01
1.380643500076621788e-01
1.390795290518361815e-01
1.400947080960101565e-01
1.411098871401841592e-01
1.421250661843581342e-01
1.431402452285321092e-01
1.441554242727061119e-01
1.451706033168800869e-01
1.461857823610540896e-01
1.472009614052280646e-01
1.482161404494020673e-01
1.492313194935760423e-01
1.502464985377500173e-01
1.512616775819240200e-01
1.522768566260979950e-01
1.532920356702719977e-01
1.543072147144459727e-01
1.553223937586199754e-01
1.563375728027939504e-01
1.573527518469679254e-01
1.583679308911419281e-01
1.593831099353159031e-01
1.603982889794899058e-01
1.614134680236638808e-01
1.624286470678378835e-01
1.634438261120118585e-01
1.644590051561858335e-01
1.654741842003598362e-01
1.664893632445338112e-01
1.675045422887078139e-01
1.685197213328817889e-01
1.695349003770557639e-01
1.705500794212297666e-01
1.715652584654037416e-01
1.725804375095777443e-01
1.735956165537517193e-01
1.746107955979257220e-01
1.756259746420996970e-01
1.766411536862736720e-01
1.776563327304476747e-01
1.786715117746216497e-01
1.796866908187956524e-01
1.807018698629696274e-01
1.817170489071436301e-01
1.827322279513176051e-01
1.837474069954915801e-01
1.847625860396655828e-01
1.857777650838395578e-01
1.867929441280135605e-01
1.878081231721875355e-01
1.888233022163615105e-01
1.898384812605355132e-01
1.908536603047094882e-01
1.918688393488834909e-01
1.928840183930574659e-01
1.938991974372314686e-01
1.949143764814054436e-01
1.959295555255794186e-01
1.969447345697534213e-01
1.979599136139273963e-01
1.989750926581013990e-01
1.999902717022753740e-01
2.010054507464493767e-01
2.020206297906233517e-01
2.030358088347973267e-01
2.040509878789713294e-01
2.050661669231453044e-01
2.060813459673193071e-01
2.070965250114932821e-01
2.081117040556672571e-01
2.091268830998412598e-01
2.101420621440152348e-01
2.111572411881892375e-01
2.121724202323632125e-01
2.131875992765372152e-01
2.142027783207111902e-01
2.152179573648851652e-01
2.162331364090591679e-01
2.172483154532331429e-01
2.182634944974071456e-01
2.192786735415811206e-01
2.202938525857551233e-01
2.213090316299290983e-01
2.223242106741030732e-01
2.233393897182770760e-01
2.243545687624510510e-01
2.253697478066250537e-01
2.263849268507990287e-01
2.274001058949730036e-01
2.284152849391470064e-01
2.294304639833209813e-01
2.304456430274949841e-01
2.314608220716689591e-01
2.324760011158429618e-01
2.334911801600169368e-01
2.345063592041909117e-01
2.355215382483649145e-01
2.365367172925388894e-01
2.375518963367128922e-01
2.385670753808868672e-01
2.395822544250608699e-01
2.405974334692348449e-01
2.416126125134088198e-01
2.426277915575828226e-01
2.436429706017567975e-01
2.446581496459308003e-01
2.456733286901047753e-01
2.466885077342787780e-01
2.477036867784527530e-01
2.487188658226267279e-01
2.497340448668007307e-01
2.507492239109747056e-01
2.517644029551486806e-01
2.527795819993227111e-01
2.537947610434966861e-01
2.548099400876706611e-01
2.558251191318446360e-01
2.568402981760186110e-01
2.578554772201926415e-01
2.588706562643666165e-01
2.598858353085405914e-01
2.609010143527145664e-01
2.619161933968885414e-01
2.629313724410625719e-01
2.639465514852365469e-01
2.649617305294105218e-01
2.659769095735844968e-01
2.669920886177584718e-01
2.680072676619325023e-01
2.690224467061064773e-01
2.700376257502804522e-01
2.710528047944544272e-01
2.720679838386284577e-01
2.730831628828024327e-01
2.740983419269764076e-01
2.751135209711503826e-01
2.761287000153243576e-01
2.771438790594983881e-01
2.781590581036723631e-01
2.791742371478463380e-01
2.801894161920203130e-01
2.812045952361942880e-01
2.822197742803683185e-01
2.832349533245422935e-01
2.842501323687162684e-01
2.852653114128902434e-01
2.862804904570642184e-01
2.872956695012382489e-01
2.883108485454122238e-01
2.893260275895861988e-01
2.903412066337601738e-01
2.913563856779342043e-01
2.923715647221081793e-01
2.933867437662821542e-01
2.944019228104561292e-01
2.954171018546301042e-01
2.964322808988041347e-01
2.974474599429781096e-01
2.984626389871520846e-01
2.994778180313260596e-01
3.004929970755000346e-01
3.015081761196740651e-01
3.025233551638480400e-01
3.035385342080220150e-01
3.045537132521959900e-01
3.055688922963699650e-01
3.065840713405439955e-01
3.075992503847179704e-01
3.086144294288919454e-01
3.096296084730659204e-01
3.106447875172399509e-01
3.116599665614139258e-01
3.126751456055879008e-01
3.136903246497618758e-01
3.147055036939358508e-01
3.157206827381098813e-01
3.167358617822838562e-01
3.177510408264578312e-01
3.187662198706318062e-01
3.197813989148057812e-01
3.207965779589798117e-01
3.218117570031537866e-01
3.228269360473277616e-01
3.238421150915017366e-01
3.248572941356757671e-01
3.258724731798497420e-01
3.268876522240237170e-01
3.279028312681976920e-01
3.289180103123716670e-01
3.299331893565456975e-01
3.309483684007196724e-01
3.319635474448936474e-01
3.329787264890676224e-01
3.339939055332415974e-01
3.350090845774156278e-01
3.360242636215896028e-01
3.370394426657635778e-01
3.380546217099375528e-01
3.390698007541115278e-01
3.400849797982855582e-01
3.411001588424595332e-01
3.421153378866335082e-01
3.431305169308074832e-01
3.441456959749815137e-01
3.451608750191554886e-01
3.461760540633294636e-01
3.471912331075034386e-01
3.482064121516774136e-01
3.492215911958514440e-01
3.502367702400254190e-01
3.512519492841993940e-01
3.522671283283733690e-01
3.532823073725473439e-01
3.542974864167213744e-01
3.553126654608953494e-01
3.563278445050693244e-01
3.573430235492432994e-01
3.583582025934172743e-01
3.593733816375913048e-01
3.603885606817652798e-01
3.614037397259392548e-01
3.624189187701132298e-01
3.634340978142872602e-01
3.644492768584612352e-01
3.654644559026352102e-01
3.664796349468091852e-01
3.674948139909831601e-01
3.685099930351571906e-01
3.695251720793311656e-01
3.705403511235051406e-01
3.715555301676791156e-01
3.725707092118530905e-01
3.735858882560271210e-01
3.746010673002010960e-01
3.756162463443750710e-01
3.766314253885490460e-01
3.776466044327230209e-01
3.786617834768970514e-01
3.796769625210710264e-01
3.806921415652450014e-01
3.817073206094189763e-01
3.827224996535930068e-01
3.837376786977669818e-01
3.847528577419409568e-01
3.857680367861149318e-01
3.867832158302889067e-01
3.877983948744629372e-01
3.888135739186369122e-01
3.898287529628108872e-01
3.908439320069848621e-01
3.918591110511588371e-01
3.928742900953328676e-01
3.938894691395068426e-01
3.949046481836808176e-01
3.959198272278547925e-01
3.969350062720287675e-01
3.979501853162027980e-01
3.989653643603767730e-01
3.999805434045507480e-01
4.009957224487247229e-01
4.020109014928987534e-01
4.030260805370727284e-01
4.040412595812467034e-01
4.050564386254206783e-01
4.060716176695946533e-01
4.070867967137686838e-01
4.081019757579426588e-01
4.091171548021166338e-01
4.101323338462906087e-01
4.111475128904645837e-01
4.121626919346386142e-01
4.131778709788125892e-01
4.141930500229865642e-01
4.152082290671605391e-01
4.162234081113345141e-01
4.172385871555085446e-01
4.182537661996825196e-01
4.192689452438564945e-01
4.202841242880304695e-01
4.212993033322045000e-01
4.223144823763784750e-01
4.233296614205524500e-01
4.243448404647264249e-01
4.253600195089003999e-01
4.263751985530744304e-01
4.273903775972484054e-01
4.284055566414223803e-01
4.294207356855963553e-01
4.304359147297703303e-01
4.314510937739443608e-01
4.324662728181183358e-01
4.334814518622923107e-01
4.344966309064662857e-01
4.355118099506402607e-01
4.365269889948142912e-01
4.375421680389882662e-01
4.385573470831622411e-01
4.395725261273362161e-01
4.405877051715102466e-01
4.416028842156842216e-01
4.426180632598581965e-01
4.436332423040321715e-01
4.446484213482061465e-01
4.456636003923801770e-01
4.466787794365541520e-01
4.476939584807281269e-01
4.487091375249021019e-01
4.497243165690760769e-01
4.507394956132501074e-01
4.517546746574240824e-01
4.527698537015980573e-01
4.537850327457720323e-01
4.548002117899460073e-01
4.558153908341200378e-01
4.568305698782940127e-01
4.578457489224679877e-01
4.588609279666419627e-01
4.598761070108159932e-01
4.608912860549899682e-01
4.619064650991639431e-01
4.629216441433379181e-01
4.639368231875118931e-01
4.649520022316859236e-01
4.659671812758598985e-01
4.669823603200338735e-01
4.679975393642078485e-01
4.690127184083818235e-01
4.700278974525558540e-01
4.710430764967298289e-01
4.720582555409038039e-01
4.730734345850777789e-01
4.740886136292518094e-01
4.751037926734257844e-01
4.761189717175997593e-01
4.771341507617737343e-01
4.781493298059477093e-01
4.791645088501217398e-01
4.801796878942957147e-01
4.811948669384696897e-01
4.822100459826436647e-01
4.832252250268176397e-01
4.842404040709916702e-01
4.852555831151656451e-01
4.862707621593396201e-01
4.872859412035135951e-01
4.883011202476875701e-01
4.893162992918616006e-01
4.903314783360355755e-01
4.913466573802095505e-01
4.923618364243835255e-01
4.933770154685575560e-01
4.943921945127315309e-01
4.954073735569055059e-01
4.964225526010794809e-01
4.974377316452534559e-01
4.984529106894274864e-01
4.994680897336014613e-01
5.004832687777753808e-01
5.014984478219494113e-01
5.025136268661234418e-01
5.035288059102973612e-01
5.045439849544713917e-01
5.055591639986454222e-01
5.065743430428193417e-01
5.075895220869933722e-01
5.086047011311672916e-01
5.096198801753413221e-01
5.106350592195153526e-01
5.116502382636892721e-01
5.126654173078633026e-01
5.136805963520372220e-01
5.146957753962112525e-01
5.157109544403852830e-01
5.167261334845592025e-01
5.177413125287332329e-01
5.187564915729071524e-01
5.197716706170811829e-01
5.207868496612552134e-01
5.218020287054291328e-01
5.228172077496031633e-01
5.238323867937770828e-01
5.248475658379511133e-01
5.258627448821251438e-01
5.268779239262990632e-01
5.278931029704730937e-01
5.289082820146470132e-01
5.299234610588210437e-01
5.309386401029950742e-01
5.319538191471689936e-01
5.329689981913430241e-01
5.339841772355169436e-01
5.349993562796909741e-01
5.360145353238650046e-01
5.370297143680389240e-01
5.380448934122129545e-01
5.390600724563869850e-01
5.400752515005609045e-01
5.410904305447349349e-01
5.421056095889088544e-01
5.431207886330828849e-01
5.441359676772569154e-01
5.451511467214308349e-01
5.461663257656048653e-01
5.471815048097787848e-01
5.481966838539528153e-01
5.492118628981268458e-01
5.502270419423007652e-01
5.512422209864747957e-01
5.522574000306487152e-01
5.532725790748227457e-01
5.542877581189967762e-01
5.553029371631706956e-01
5.563181162073447261e-01
5.573332952515186456e-01
5.583484742956926761e-01
5.593636533398667066e-01
5.603788323840406260e-01
5.613940114282146565e-01
5.624091904723885760e-01
5.634243695165626065e-01
5.644395485607366370e-01
5.654547276049105564e-01
5.664699066490845869e-01
5.674850856932585064e-01
5.685002647374325369e-01
5.695154437816065673e-01
5.705306228257804868e-01
5.715458018699545173e-01
5.725609809141284368e-01
5.735761599583024672e-01
5.745913390024764977e-01
5.756065180466504172e-01
5.766216970908244477e-01
5.776368761349984782e-01
5.786520551791723976e-01
5.796672342233464281e-01
5.806824132675203476e-01
5.816975923116943781e-01
5.827127713558684086e-01
5.837279504000423280e-01
5.847431294442163585e-01
5.857583084883902780e-01
5.867734875325643085e-01
5.877886665767383390e-01
5.888038456209122584e-01
5.898190246650862889e-01
5.908342037092602084e-01
5.918493827534342389e-01
5.928645617976082693e-01
5.938797408417821888e-01
5.948949198859562193e-01
5.959100989301301388e-01
5.969252779743041692e-01
5.979404570184781997e-01
5.989556360626521192e-01
5.999708151068261497e-01
6.009859941510000692e-01
6.020011731951740996e-01
6.030163522393481301e-01
6.040315312835220496e-01
6.050467103276960801e-01
6.060618893718699995e-01
6.070770684160440300e-01
6.080922474602180605e-01
6.091074265043919800e-01
6.101226055485660105e-01
6.111377845927399299e-01
6.121529636369139604e-01
6.131681426810879909e-01
6.141833217252619104e-01
6.151985007694359409e-01
6.162136798136099713e-01
6.172288588577838908e-01
6.182440379019579213e-01
6.192592169461318408e-01
6.202743959903058713e-01
6.212895750344799017e-01
6.223047540786538212e-01
6.233199331228278517e-01
6.243351121670017712e-01
6.253502912111758016e-01
6.263654702553498321e-01
6.273806492995237516e-01
6.283958283436977821e-01
6.294110073878717015e-01
6.304261864320457320e-01
6.314413654762197625e-01
6.324565445203936820e-01
6.334717235645677125e-01
6.344869026087416319e-01
6.355020816529156624e-01
6.365172606970896929e-01
6.375324397412636124e-01
6.385476187854376429e-01
6.395627978296115623e-01
6.405779768737855928e-01
6.415931559179596233e-01
6.426083349621335428e-01
6.436235140063075733e-01
6.446386930504814927e-01
6.456538720946555232e-01
6.466690511388295537e-01
6.476842301830034732e-01
6.486994092271775036e-01
6.497145882713515341e-01
6.507297673155254536e-01
6.517449463596994841e-01
6.527601254038734035e-01
6.537753044480474340e-01
6.547904834922214645e-01
6.558056625363953840e-01
6.568208415805694145e-01
6.578360206247433339e-01
6.588511996689173644e-01
6.598663787130913949e-01
6.608815577572653144e-01
6.618967368014393449e-01
6.629119158456132643e-01
6.639270948897872948e-01
6.649422739339613253e-01
6.659574529781352448e-01
6.669726320223092753e-01
6.679878110664831947e-01
6.690029901106572252e-01
6.700181691548312557e-01
6.710333481990051752e-01
6.720485272431792056e-01
6.730637062873531251e-01
6.740788853315271556e-01
6.750940643757011861e-01
6.761092434198751056e-01
6.771244224640491360e-01
6.781396015082230555e-01
6.791547805523970860e-01
6.801699595965711165e-01
6.811851386407450359e-01
6.822003176849190664e-01
6.832154967290929859e-01
6.842306757732670164e-01
6.852458548174410469e-01
6.862610338616149663e-01
6.872762129057889968e-01
6.882913919499630273e-01
6.893065709941369468e-01
6.903217500383109773e-01
6.913369290824848967e-01
6.923521081266589272e-01
6.933672871708329577e-01
6.943824662150068772e-01
6.953976452591809077e-01
6.964128243033548271e-01
6.974280033475288576e-01
6.984431823917028881e-01
6.994583614358768076e-01
7.004735404800508380e-01
7.014887195242247575e-01
7.025038985683987880e-01
7.035190776125728185e-01
7.045342566567467379e-01
7.055494357009207684e-01
7.065646147450946879e-01
7.075797937892687184e-01
7.085949728334427489e-01
7.096101518776166683e-01
7.106253309217906988e-01
7.116405099659646183e-01
7.126556890101386488e-01
7.136708680543126793e-01
7.146860470984865987e-01
7.157012261426606292e-01
7.167164051868345487e-01
7.177315842310085792e-01
7.187467632751826097e-01
7.197619423193565291e-01
7.207771213635305596e-01
7.217923004077044791e-01
7.228074794518785096e-01
7.238226584960525400e-01
7.248378375402264595e-01
7.258530165844004900e-01
7.268681956285745205e-01
7.278833746727484399e-01
7.288985537169224704e-01
7.299137327610963899e-01
7.309289118052704204e-01
7.319440908494444509e-01
7.329592698936183703e-01
7.339744489377924008e-01
7.349896279819663203e-01
7.360048070261403508e-01
7.370199860703143813e-01
7.380351651144883007e-01
7.390503441586623312e-01
7.400655232028362507e-01
7.410807022470102812e-01
7.420958812911843117e-01
7.431110603353582311e-01
7.441262393795322616e-01
7.451414184237061811e-01
7.461565974678802116e-01
7.471717765120542420e-01
7.481869555562281615e-01
7.492021346004021920e-01
7.502173136445761115e-01
7.512324926887501420e-01
7.522476717329241724e-01
7.532628507770980919e-01
7.542780298212721224e-01
7.552932088654460419e-01
7.563083879096200723e-01
7.573235669537941028e-01
7.583387459979680223e-01
7.593539250421420528e-01
7.603691040863159722e-01
7.613842831304900027e-01
7.623994621746640332e-01
7.634146412188379527e-01
7.644298202630119832e-01
7.654449993071860137e-01
7.664601783513599331e-01
7.674753573955339636e-01
7.684905364397078831e-01
7.695057154838819136e-01
7.705208945280559441e-01
7.715360735722298635e-01
7.725512526164038940e-01
7.735664316605778135e-01
7.745816107047518440e-01
7.755967897489258744e-01
7.766119687930997939e-01
7.776271478372738244e-01
7.786423268814477439e-01
7.796575059256217743e-01
7.806726849697958048e-01
7.816878640139697243e-01
7.827030430581437548e-01
7.837182221023176742e-01
7.847334011464917047e-01
7.857485801906657352e-01
7.867637592348396547e-01
7.877789382790136852e-01
7.887941173231876046e-01
7.898092963673616351e-01
7.908244754115356656e-01
7.918396544557095851e-01
7.928548334998836156e-01
7.938700125440575350e-01
7.948851915882315655e-01
7.959003706324055960e-01
7.969155496765795155e-01
7.979307287207535460e-01
7.989459077649275764e-01
7.999610868091014959e-01
8.009762658532755264e-01
8.019914448974494459e-01
8.030066239416234763e-01
8.040218029857975068e-01
8.050369820299714263e-01
8.060521610741454568e-01
8.070673401183193763e-01
8.080825191624934067e-01
8.090976982066674372e-01
8.101128772508413567e-01
8.111280562950153872e-01
8.121432353391893066e-01
8.131584143833633371e-01
8.141735934275373676e-01
8.151887724717112871e-01
8.162039515158853176e-01
8.172191305600592370e-01
8.182343096042332675e-01
8.192494886484072980e-01
8.202646676925812175e-01
8.212798467367552480e-01
8.222950257809291674e-01
8.233102048251031979e-01
8.243253838692772284e-01
8.253405629134511479e-01
8.263557419576251784e-01
8.273709210017990978e-01
8.283861000459731283e-01
8.294012790901471588e-01
8.304164581343210783e-01
8.314316371784951087e-01
8.324468162226690282e-01
8.334619952668430587e-01
8.344771743110170892e-01
8.354923533551910086e-01
8.365075323993650391e-01
8.375227114435390696e-01
8.385378904877129891e-01
8.395530695318870196e-01
8.405682485760609390e-01
8.415834276202349695e-01
8.425986066644090000e-01
8.436137857085829195e-01
8.446289647527569500e-01
8.456441437969308694e-01
8.466593228411048999e-01
8.476745018852789304e-01
8.486896809294528499e-01
8.497048599736268804e-01
8.507200390178007998e-01
8.517352180619748303e-01
8.527503971061488608e-01
8.537655761503227803e-01
8.547807551944968107e-01
8.557959342386707302e-01
8.568111132828447607e-01
8.578262923270187912e-01
8.588414713711927106e-01
8.598566504153667411e-01
8.608718294595406606e-01
8.618870085037146911e-01
8.629021875478887216e-01
8.639173665920626410e-01
8.649325456362366715e-01
8.659477246804105910e-01
8.669629037245846215e-01
8.679780827687586520e-01
8.689932618129325714e-01
8.700084408571066019e-01
8.710236199012805214e-01
8.720387989454545519e-01
8.730539779896285824e-01
8.740691570338025018e-01
8.750843360779765323e-01
8.760995151221505628e-01
8.771146941663244823e-01
8.781298732104985127e-01
8.791450522546724322e-01
8.801602312988464627e-01
8.811754103430204932e-01
8.821905893871944127e-01
8.832057684313684431e-01
8.842209474755423626e-01
8.852361265197163931e-01
8.862513055638904236e-01
8.872664846080643430e-01
8.882816636522383735e-01
8.892968426964122930e-01
8.903120217405863235e-01
8.913272007847603540e-01
8.923423798289342734e-01
8.933575588731083039e-01
8.943727379172822234e-01
8.953879169614562539e-01
8.964030960056302844e-01
8.974182750498042038e-01
8.984334540939782343e-01
8.994486331381521538e-01
9.004638121823261843e-01
9.014789912265002148e-01
9.024941702706741342e-01
9.035093493148481647e-01
9.045245283590220842e-01
9.055397074031961147e-01
9.065548864473701451e-01
9.075700654915440646e-01
9.085852445357180951e-01
9.096004235798920146e-01
9.106156026240660450e-01
9.116307816682400755e-01
9.126459607124139950e-01
9.136611397565880255e-01
9.146763188007620560e-01
9.156914978449359754e-01
9.167066768891100059e-01
9.177218559332839254e-01
9.187370349774579559e-01
9.197522140216319864e-01
9.207673930658059058e-01
9.217825721099799363e-01
9.227977511541538558e-01
9.238129301983278863e-01
9.248281092425019168e-01
9.258432882866758362e-01
9.268584673308498667e-01
9.278736463750237862e-01
9.288888254191978167e-01
9.299040044633718471e-01
9.309191835075457666e-01
9.319343625517197971e-01
9.329495415958937166e-01
9.339647206400677470e-01
9.349798996842417775e-01
9.359950787284156970e-01
9.370102577725897275e-01
9.380254368167636470e-01
9.390406158609376774e-01
9.400557949051117079e-01
9.410709739492856274e-01
9.420861529934596579e-01
9.431013320376335773e-01
9.441165110818076078e-01
9.451316901259816383e-01
9.461468691701555578e-01
9.471620482143295883e-01
9.481772272585036188e-01
9.491924063026775382e-01
9.502075853468515687e-01
9.512227643910254882e-01
9.522379434351995187e-01
9.532531224793735491e-01
9.542683015235474686e-01
9.552834805677214991e-01
9.562986596118954186e-01
9.573138386560694491e-01
9.583290177002434795e-01
9.593441967444173990e-01
9.603593757885914295e-01
9.613745548327653490e-01
9.623897338769393794e-01
9.634049129211134099e-01
9.644200919652873294e-01
9.654352710094613599e-01
9.664504500536352793e-01
9.674656290978093098e-01
9.684808081419833403e-01
9.694959871861572598e-01
9.705111662303312903e-01
9.715263452745052097e-01
9.725415243186792402e-01
9.735567033628532707e-01
9.745718824070271902e-01
9.755870614512012207e-01
9.766022404953751401e-01
9.776174195395491706e-01
9.786325985837232011e-01
9.796477776278971206e-01
9.806629566720711511e-01
9.816781357162450705e-01
9.826933147604191010e-01
9.837084938045931315e-01
9.847236728487670510e-01
9.857388518929410814e-01
9.867540309371151119e-01
9.877692099812890314e-01
9.887843890254630619e-01
9.897995680696369813e-01
9.908147471138110118e-01
9.918299261579850423e-01
9.928451052021589618e-01
9.938602842463329923e-01
9.948754632905069117e-01
9.958906423346809422e-01
9.969058213788549727e-01
9.979210004230288922e-01
9.989361794672029227e-01
9.999513585113768421e-01
1.000966537555550762e+00
1.001981716599724903e+00
1.002996895643898823e+00
1.004012074688072742e+00
1.005027253732246884e+00
1.006042432776420803e+00
1.007057611820594722e+00
1.008072790864768864e+00
1.009087969908942783e+00
1.010103148953116703e+00
1.011118327997290844e+00
1.012133507041464764e+00
1.013148686085638683e+00
1.014163865129812603e+00
-1.015179044173986744e+00
-1.014163865129812603e+00
-1.013148686085638683e+00
-1.012133507041464764e+00
-1.011118327997290844e+00
-1.010103148953116703e+00
-1.009087969908942783e+00
-1.008072790864768864e+00
-1.007057611820594722e+00
-1.006042432776420803e+00
-1.005027253732246884e+00
-1.004012074688072742e+00
-1.002996895643898823e+00
-1.001981716599724903e+00
-1.000966537555550762e+00
-9.999513585113768421e-01
-9.989361794672029227e-01
-9.979210004230288922e-01
-9.969058213788549727e-01
-9.958906423346809422e-01
-9.948754632905069117e-01
-9.938602842463329923e-01
-9.928451052021589618e-01
-9.918299261579850423e-01
-9.908147471138110118e-01
-9.897995680696369813e-01
-9.887843890254630619e-01
-9.877692099812890314e-01
-9.867540309371151119e-01
-9.857388518929410814e-01
-9.847236728487670510e-01
-9.837084938045931315e-01
-9.826933147604191010e-01
-9.816781357162450705e-01
-9.806629566720711511e-01
-9.796477776278971206e-01
-9.786325985837232011e-01
-9.776174195395491706e-01
-9.766022404953751401e-01
-9.755870614512012207e-01
-9.745718824070271902e-01
-9.735567033628532707e-01
-9.725415243186792402e-01
-9.715263452745052097e-01
-9.705111662303312903e-01
-9.694959871861572598e-01
-9.684808081419833403e-01
-9.674656290978093098e-01
-9.664504500536352793e-01
-9.654352710094613599e-01
-9.644200919652873294e-01
-9.634049129211134099e-01
-9.623897338769393794e-01
-9.613745548327653490e-01
-9.603593757885914295e-01
-9.593441967444173990e-01
-9.583290177002434795e-01
-9.573138386560694491e-01
-9.562986596118954186e-01
-9.552834805677214991e-01
-9.542683015235474686e-01
-9.532531224793735491e-01
-9.522379434351995187e-01
-9.512227643910254882e-01
-9.502075853468515687e-01
-9.491924063026775382e-01
-9.481772272585036188e-01
-9.471620482143295883e-01
-9.461468691701555578e-01
-9.451316901259816383e-01
-9.441165110818076078e-01
-9.431013320376335773e-01
-9.420861529934596579e-01
-9.410709739492856274e-01
-9.400557949051117079e-01
-9.390406158609376774e-01
-9.380254368167636470e-01
-9.370102577725897275e-01
-9.359950787284156970e-01
-9.349798996842417775e-01
-9.339647206400677470e-01
-9.329495415958937166e-01
-9.319343625517197971e-01
-9.309191835075457666e-01
-9.299040044633718471e-01
-9.288888254191978167e-01
-9.278736463750237862e-01
-9.268584673308498667e-01
-9.258432882866758362e-01
-9.248281092425019168e-01
-9.238129301983278863e-01
-9.227977511541538558e-01
-9.217825721099799363e-01
-9.207673930658059058e-01
-9.197522140216319864e-01
-9.187370349774579559e-01
-9.177218559332839254e-01
-9.167066768891100059e-01
-9.156914978449359754e-01
-9.146763188007620560e-01
-9.136611397565880255e-01
-9.126459607124139950e-01
-9.116307816682400755e-01
-9.106156026240660450e-01
-9.096004235798920146e-01
-9.085852445357180951e-01
-9.075700654915440646e-01
-9.065548864473701451e-01
-9.055397074031961147e-01
-9.045245283590220842e-01
-9.035093493148481647e-01
-9.024941702706741342e-01
-9.014789912265002148e-01
-9.004638121823261843e-01
-8.994486331381521538e-01
-8.984334540939782343e-01
-8.974182750498042038e-01
-8.964030960056302844e-01
-8.953879169614562539e-01
-8.943727379172822234e-01
-8.933575588731083039e-01
-8.923423798289342734e-01
-8.913272007847603540e-01
-8.903120217405863235e-01
-8.892968426964122930e-01
-8.882816636522383735e-01
-8.872664846080643430e-01
-8.862513055638904236e-01
-8.852361265197163931e-01
-8.842209474755423626e-01
-8.832057684313684431e-01
-8.821905893871944127e-01
-8.811754103430204932e-01
-8.801602312988464627e-01
-8.791450522546724322e-01
-8.781298732104985127e-01
-8.771146941663244823e-01
-8.760995151221505628e-01
-8.750843360779765323e-01
-8.740691570338025018e-01
-8.730539779896285824e-01
-8.720387989454545519e-01
-8.710236199012805214e-01
-8.700084408571066019e-01
-8.689932618129325714e-01
-8.679780827687586520e-01
-8.669629037245846215e-01
-8.659477246804105910e-01
-8.649325456362366715e-01
-8.639173665920626410e-01
-8.629021875478887216e-01
-8.618870085037146911e-01
-8.608718294595406606e-01
-8.598566504153667411e-01
-8.588414713711927106e-01
-8.578262923270187912e-01
-8.568111132828447607e-01
-8.557959342386707302e-01
-8.547807551944968107e-01
-8.537655761503227803e-01
-8.527503971061488608e-01
-8.517352180619748303e-01
-8.507200390178007998e-01
-8.497048599736268804e-01
-8.486896809294528499e-01
-8.476745018852789304e-01
-8.466593228411048999e-01
-8.456441437969308694e-01
-8.446289647527569500e-01
-8.436137857085829195e-01
-8.425986066644090000e-01
-8.415834276202349695e-01
-8.405682485760609390e-01
-8.395530695318870196e-01
-8.385378904877129891e-01
-8.375227114435390696e-01
-8.365075323993650391e-01
-8.354923533551910086e-01
-8.344771743110170892e-01
-8.334619952668430587e-01
-8.324468162226690282e-01
-8.314316371784951087e-01
-8.304164581343210783e-01
-8.294012790901471588e-01
-8.283861000459731283e-01
-8.273709210017990978e-01
-8.263557419576251784e-01
-8.253405629134511479e-01
-8.243253838692772284e-01
-8.233102048251031979e-01
-8.222950257809291674e-01
-8.212798467367552480e-01
-8.202646676925812175e-01
-8.192494886484072980e-01
-8.182343096042332675e-01
-8.172191305600592370e-01
-8.162039515158853176e-01
-8.151887724717112871e-01
-8.141735934275373676e-01
-8.131584143833633371e-01
-8.121432353391893066e-01
-8.111280562950153872e-01
-8.101128772508413567e-01
-8.090976982066674372e-01
-8.080825191624934067e-01
-8.070673401183193763e-01
-8.060521610741454568e-01
-8.050369820299714263e-01
-8.040218029857975068e-01
-8.030066239416234763e-01
-8.019914448974494459e-01
-8.009762658532755264e-01
-7.999610868091014959e-01
-7.989459077649275764e-01
-7.979307287207535460e-01
-7.969155496765795155e-01
-7.959003706324055960e-01
-7.948851915882315655e-01
-7.938700125440575350e-01
-7.928548334998836156e-01
-7.918396544557095851e-01
-7.908244754115356656e-01
-7.898092963673616351e-01
-7.887941173231876046e-01
-7.877789382790136852e-01
-7.867637592348396547e-01
-7.857485801906657352e-01
-7.847334011464917047e-01
-7.837182221023176742e-01
-7.827030430581437548e-01
-7.816878640139697243e-01
-7.806726849697958048e-01
-7.796575059256217743e-01
-7.786423268814477439e-01
-7.776271478372738244e-01
-7.766119687930997939e-01
-7.755967897489258744e-01
-7.745816107047518440e-01
-7.735664316605778135e-01
-7.725512526164038940e-01
-7.715360735722298635e-01
-7.705208945280559441e-01
-7.695057154838819136e-01
-7.684905364397078831e-01
-7.674753573955339636e-01
-7.664601783513599331e-01
-7.654449993071860137e-01
-7.644298202630119832e-01
-7.634146412188379527e-01
-7.623994621746640332e-01
-7.613842831304900027e-01
-7.603691040863159722e-01
-7.593539250421420528e-01
-7.583387459979680223e-01
-7.573235669537941028e-01
-7.563083879096200723e-01
-7.552932088654460419e-01
-7.542780298212721224e-01
-7.532628507770980919e-01
-7.522476717329241724e-01
-7.512324926887501420e-01
-7.502173136445761115e-01
-7.492021346004021920e-01
-7.481869555562281615e-01
-7.471717765120542420e-01
-7.461565974678802116e-01
-7.451414184237061811e-01
-7.441262393795322616e-01
-7.431110603353582311e-01
-7.420958812911843117e-01
-7.410807022470102812e-01
-7.400655232028362507e-01
-7.390503441586623312e-01
-7.380351651144883007e-01
-7.370199860703143813e-01
-7.360048070261403508e-01
-7.349896279819663203e-01
-7.339744489377924008e-01
-7.329592698936183703e-01
-7.319440908494444509e-01
-7.309289118052704204e-01
-7.299137327610963899e-01
-7.288985537169224704e-01
-7.278833746727484399e-01
-7.268681956285745205e-01
-7.258530165844004900e-01
-7.248378375402264595e-01
-7.238226584960525400e-01
-7.228074794518785096e-01
-7.217923004077044791e-01
-7.207771213635305596e-01
-7.197619423193565291e-01
-7.187467632751826097e-01
-7.177315842310085792e-01
-7.167164051868345487e-01
-7.157012261426606292e-01
-7.146860470984865987e-01
-7.136708680543126793e-01
-7.126556890101386488e-01
-7.116405099659646183e-01
-7.106253309217906988e-01
-7.096101518776166683e-01
-7.085949728334427489e-01
-7.075797937892687184e-01
-7.065646147450946879e-01
-7.055494357009207684e-01
-7.045342566567467379e-01
-7.035190776125728185e-01
-7.025038985683987880e-01
-7.014887195242247575e-01
-7.004735404800508380e-01
-6.994583614358768076e-01
-6.984431823917028881e-01
-6.974280033475288576e-01
-6.964128243033548271e-01
-6.953976452591809077e-01
-6.943824662150068772e-01
-6.933672871708329577e-01
-6.923521081266589272e-01
-6.913369290824848967e-01
-6.903217500383109773e-01
-6.893065709941369468e-01
-6.882913919499630273e-01
-6.872762129057889968e-01
-6.862610338616149663e-01
-6.852458548174410469e-01
-6.842306757732670164e-01
-6.832154967290929859e-01
-6.822003176849190664e-01
-6.811851386407450359e-01
-6.801699595965711165e-01
-6.791547805523970860e-01
-6.781396015082230555e-01
-6.771244224640491360e-01
-6.761092434198751056e-01
-6.750940643757011861e-01
-6.740788853315271556e-01
-6.730637062873531251e-01
-6.720485272431792056e-01
-6.710333481990051752e-01
-6.700181691548312557e-01
-6.690029901106572252e-01
-6.679878110664831947e-01
-6.669726320223092753e-01
-6.659574529781352448e-01
-6.649422739339613253e-01
-6.639270948897872948e-01
-6.629119158456132643e-01
-6.618967368014393449e-01
-6.608815577572653144e-01
-6.598663787130913949e-01
-6.588511996689173644e-01
-6.578360206247433339e-01
-6.568208415805694145e-01
-6.558056625363953840e-01
-6.547904834922214645e-01
-6.537753044480474340e-01
-6.527601254038734035e-01
-6.517449463596994841e-01
-6.507297673155254536e-01
-6.497145882713515341e-01
-6.486994092271775036e-01
-6.476842301830034732e-01
-6.466690511388295537e-01
-6.456538720946555232e-01
-6.446386930504814927e-01
-6.436235140063075733e-01
-6.426083349621335428e-01
-6.415931559179596233e-01
-6.405779768737855928e-01
-6.395627978296115623e-01
-6.385476187854376429e-01
-6.375324397412636124e-01
-6.365172606970896929e-01
-6.355020816529156624e-01
-6.344869026087416319e-01
-6.334717235645677125e-01
-6.324565445203936820e-01
-6.314413654762197625e-01
-6.304261864320457320e-01
-6.294110073878717015e-01
-6.283958283436977821e-01
-6.273806492995237516e-01
-6.263654702553498321e-01
-6.253502912111758016e-01
-6.243351121670017712e-01
-6.233199331228278517e-01
-6.223047540786538212e-01
-6.212895750344799017e-01
-6.202743959903058713e-01
-6.192592169461318408e-01
-6.182440379019579213e-01
-6.172288588577838908e-01
-6.162136798136099713e-01
-6.151985007694359409e-01
-6.141833217252619104e-01
-6.131681426810879909e-01
-6.121529636369139604e-01
-6.111377845927399299e-01
-6.101226055485660105e-01
-6.091074265043919800e-01
-6.080922474602180605e-01
-6.070770684160440300e-01
-6.060618893718699995e-01
-6.050467103276960801e-01
-6.040315312835220496e-01
-6.030163522393481301e-01
-6.020011731951740996e-01
-6.009859941510000692e-01
-5.999708151068261497e-01
-5.989556360626521192e-01
-5.979404570184781997e-01
-5.969252779743041692e-01
-5.959100989301301388e-01
-5.948949198859562193e-01
-5.938797408417821888e-01
-5.928645617976082693e-01
-5.918493827534342389e-01
-5.908342037092602084e-01
-5.898190246650862889e-01
-5.888038456209122584e-01
-5.877886665767383390e-01
-5.867734875325643085e-01
-5.857583084883902780e-01
-5.847431294442163585e-01
-5.837279504000423280e-01
-5.827127713558684086e-01
-5.816975923116943781e-01
-5.806824132675203476e-01
-5.796672342233464281e-01
-5.786520551791723976e-01
-5.776368761349984782e-01
-5.766216970908244477e-01
-5.756065180466504172e-01
-5.745913390024764977e-01
-5.735761599583024672e-01
-5.725609809141284368e-01
-5.715458018699545173e-01
-5.705306228257804868e-01
-5.695154437816065673e-01
-5.685002647374325369e-01
-5.674850856932585064e-01
-5.664699066490845869e-01
-5.654547276049105564e-01
-5.644395485607366370e-01
-5.634243695165626065e-01
-5.624091904723885760e-01
-5.613940114282146565e-01
-5.603788323840406260e-01
-5.593636533398667066e-01
-5.583484742956926761e-01
-5.573332952515186456e-01
-5.563181162073447261e-01
-5.553029371631706956e-01
-5.542877581189967762e-01
-5.532725790748227457e-01
-5.522574000306487152e-01
-5.512422209864747957e-01
-5.502270419423007652e-01
-5.492118628981268458e-01
-5.481966838539528153e-01
-5.471815048097787848e-01
-5.461663257656048653e-01
-5.451511467214308349e-01
-5.441359676772569154e-01
-5.431207886330828849e-01
-5.421056095889088544e-01
-5.410904305447349349e-01
-5.400752515005609045e-01
-5.390600724563869850e-01
-5.380448934122129545e-01
-5.370297143680389240e-01
-5.360145353238650046e-01
-5.349993562796909741e-01
-5.339841772355169436e-01
-5.329689981913430241e-01
-5.319538191471689936e-01
-5.309386401029950742e-01
-5.299234610588210437e-01
-5.289082820146470132e-01
-5.278931029704730937e-01
-5.268779239262990632e-01
-5.258627448821251438e-01
-5.248475658379511133e-01
-5.238323867937770828e-01
-5.228172077496031633e-01
-5.218020287054291328e-01
-5.207868496612552134e-01
-5.197716706170811829e-01
-5.187564915729071524e-01
-5.177413125287332329e-01
-5.167261334845592025e-01
-5.157109544403852830e-01
-5.146957753962112525e-01
-5.136805963520372220e-01
-5.126654173078633026e-01
-5.116502382636892721e-01
-5.106350592195153526e-01
-5.096198801753413221e-01
-5.086047011311672916e-01
-5.075895220869933722e-01
-5.065743430428193417e-01
-5.055591639986454222e-01
-5.045439849544713917e-01
-5.035288059102973612e-01
-5.025136268661234418e-01
-5.014984478219494113e-01
-5.004832687777753808e-01
-4.994680897336014613e-01
-4.984529106894274864e-01
-4.974377316452534559e-01
-4.964225526010794809e-01
-4.954073735569055059e-01
-4.943921945127315309e-01
-4.933770154685575560e-01
-4.923618364243835255e-01
-4.913466573802095505e-01
-4.903314783360355755e-01
-4.893162992918616006e-01
-4.883011202476875701e-01
-4.872859412035135951e-01
-4.862707621593396201e-01
-4.852555831151656451e-01
-4.842404040709916702e-01
-4.832252250268176397e-01
-4.822100459826436647e-01
-4.811948669384696897e-01
-4.801796878942957147e-01
-4.791645088501217398e-01
-4.781493298059477093e-01
-4.771341507617737343e-01
-4.761189717175997593e-01
-4.751037926734257844e-01
-4.740886136292518094e-01
-4.730734345850777789e-01
-4.720582555409038039e-01
-4.710430764967298289e-01
-4.700278974525558540e-01
-4.690127184083818235e-01
-4.679975393642078485e-01
-4.669823603200338735e-01
-4.659671812758598985e-01
-4.649520022316859236e-01
-4.639368231875118931e-01
-4.629216441433379181e-01
-4.619064650991639431e-01
-4.608912860549899682e-01
-4.598761070108159932e-01
-4.588609279666419627e-01
-4.578457489224679877e-01
-4.568305698782940127e-01
-4.558153908341200378e-01
-4.548002117899460073e-01
-4.537850327457720323e-01
-4.527698537015980573e-01
-4.517546746574240824e-01
-4.507394956132501074e-01
-4.497243165690760769e-01
-4.487091375249021019e-01
-4.476939584807281269e-01
-4.466787794365541520e-01
-4.456636003923801770e-01
-4.446484213482061465e-01
-4.436332423040321715e-01
-4.426180632598581965e-01
-4.416028842156842216e-01
-4.405877051715102466e-01
-4.395725261273362161e-01
-4.385573470831622411e-01
-4.375421680389882662e-01
-4.365269889948142912e-01
-4.355118099506402607e-01
-4.344966309064662857e-01
-4.334814518622923107e-01
-4.324662728181183358e-01
-4.314510937739443608e-01
-4.304359147297703303e-01
-4.294207356855963553e-01
-4.284055566414223803e-01
-4.273903775972484054e-01
-4.263751985530744304e-01
-4.253600195089003999e-01
-4.243448404647264249e-01
-4.233296614205524500e-01
-4.223144823763784750e-01
-4.212993033322045000e-01
-4.202841242880304695e-01
-4.192689452438564945e-01
-4.182537661996825196e-01
-4.172385871555085446e-01
-4.162234081113345141e-01
-4.152082290671605391e-01
-4.141930500229865642e-01
-4.131778709788125892e-01
-4.121626919346386142e-01
-4.111475128904645837e-01
-4.101323338462906087e-01
-4.091171548021166338e-01
-4.081019757579426588e-01
-4.070867967137686838e-01
-4.060716176695946533e-01
-4.050564386254206783e-01
-4.040412595812467034e-01
-4.030260805370727284e-01
-4.020109014928987534e-01
-4.009957224487247229e-01
-3.999805434045507480e-01
-3.989653643603767730e-01
-3.979501853162027980e-01
-3.969350062720287675e-01
-3.959198272278547925e-01
-3.949046481836808176e-01
-3.938894691395068426e-01
-3.928742900953328676e-01
-3.918591110511588371e-01
-3.908439320069848621e-01
-3.898287529628108872e-01
-3.888135739186369122e-01
-3.877983948744629372e-01
-3.867832158302889067e-01
-3.857680367861149318e-01
-3.847528577419409568e-01
-3.837376786977669818e-01
-3.827224996535930068e-01
-3.817073206094189763e-01
-3.806921415652450014e-01
-3.796769625210710264e-01
-3.786617834768970514e-01
-3.776466044327230209e-01
-3.766314253885490460e-01
-3.756162463443750710e-01
-3.746010673002010960e-01
-3.735858882560271210e-01
-3.725707092118530905e-01
-3.715555301676791156e-01
-3.705403511235051406e-01
-3.695251720793311656e-01
-3.685099930351571906e-01
-3.674948139909831601e-01
-3.664796349468091852e-01
-3.654644559026352102e-01
-3.644492768584612352e-01
-3.634340978142872602e-01
-3.624189187701132298e-01
-3.614037397259392548e-01
-3.603885606817652798e-01
-3.593733816375913048e-01
-3.583582025934172743e-01
-3.573430235492432994e-01
-3.563278445050693244e-01
-3.553126654608953494e-01
-3.542974864167213744e-01
-3.532823073725473439e-01
-3.522671283283733690e-01
-3.512519492841993940e-01
-3.502367702400254190e-01
-3.492215911958514440e-01
-3.482064121516774136e-01
-3.471912331075034386e-01
-3.461760540633294636e-01
-3.451608750191554886e-01
-3.441456959749815137e-01
-3.431305169308074832e-01
-3.421153378866335082e-01
-3.411001588424595332e-01
-3.400849797982855582e-01
-3.390698007541115278e-01
-3.380546217099375528e-01
-3.370394426657635778e-01
-3.360242636215896028e-01
-3.350090845774156278e-01
-3.339939055332415974e-01
-3.329787264890676224e-01
-3.319635474448936474e-01
-3.309483684007196724e-01
-3.299331893565456975e-01
-3.289180103123716670e-01
-3.279028312681976920e-01
-3.268876522240237170e-01
-3.258724731798497420e-01
-3.248572941356757671e-01
-3.238421150915017366e-01
-3.228269360473277616e-01
-3.218117570031537866e-01
-3.207965779589798117e-01
-3.197813989148057812e-01
-3.187662198706318062e-01
-3.177510408264578312e-01
-3.167358617822838562e-01
-3.157206827381098813e-01
-3.147055036939358508e-01
-3.136903246497618758e-01
-3.126751456055879008e-01
-3.116599665614139258e-01
-3.106447875172399509e-01
-3.096296084730659204e-01
-3.086144294288919454e-01
-3.075992503847179704e-01
-3.065840713405439955e-01
-3.055688922963699650e-01
-3.045537132521959900e-01
-3.035385342080220150e-01
-3.025233551638480400e-01
-3.015081761196740651e-01
-3.004929970755000346e-01
-2.994778180313260596e-01
-2.984626389871520846e-01
-2.974474599429781096e-01
-2.964322808988041347e-01
-2.954171018546301042e-01
-2.944019228104561292e-01
-2.933867437662821542e-01
-2.923715647221081793e-01
-2.913563856779342043e-01
-2.903412066337601738e-01
-2.893260275895861988e-01
-2.883108485454122238e-01
-2.872956695012382489e-01
-2.862804904570642184e-01
-2.852653114128902434e-01
-2.842501323687162684e-01
-2.832349533245422935e-01
-2.822197742803683185e-01
-2.812045952361942880e-01
-2.801894161920203130e-01
-2.791742371478463380e-01
-2.781590581036723631e-01
-2.771438790594983881e-01
-2.761287000153243576e-01
-2.751135209711503826e-01
-2.740983419269764076e-01
-2.730831628828024327e-01
-2.720679838386284577e-01
-2.710528047944544272e-01
-2.700376257502804522e-01
-2.690224467061064773e-01
-2.680072676619325023e-01
-2.669920886177584718e-01
-2.659769095735844968e-01
-2.649617305294105218e-01
-2.639465514852365469e-01
-2.629313724410625719e-01
-2.619161933968885414e-01
-2.609010143527145664e-01
-2.598858353085405914e-01
-2.588706562643666165e-01
-2.578554772201926415e-01
-2.568402981760186110e-01
-2.558251191318446360e-01
-2.548099400876706611e-01
-2.537947610434966861e-01
-2.527795819993227111e-01
-2.517644029551486806e-01
-2.507492239109747056e-01
-2.497340448668007307e-01
-2.487188658226267279e-01
-2.477036867784527530e-01
-2.466885077342787780e-01
-2.456733286901047753e-01
-2.446581496459308003e-01
-2.436429706017567975e-01
-2.426277915575828226e-01
-2.416126125134088198e-01
-2.405974334692348449e-01
-2.395822544250608699e-01
-2.385670753808868672e-01
-2.375518963367128922e-01
-2.365367172925388894e-01
-2.355215382483649145e-01
-2.345063592041909117e-01
-2.334911801600169368e-01
-2.324760011158429618e-01
-2.314608220716689591e-01
-2.304456430274949841e-01
-2.294304639833209813e-01
-2.284152849391470064e-01
-2.274001058949730036e-01
-2.263849268507990287e-01
-2.253697478066250537e-01
-2.243545687624510510e-01
-2.233393897182770760e-01
-2.223242106741030732e-01
-2.213090316299290983e-01
-2.202938525857551233e-01
-2.192786735415811206e-01
-2.182634944974071456e-01
-2.172483154532331429e-01
-2.162331364090591679e-01
-2.152179573648851652e-01
-2.142027783207111902e-01
-2.131875992765372152e-01
-2.121724202323632125e-01
-2.111572411881892375e-01
-2.101420621440152348e-01
-2.091268830998412598e-01
-2.081117040556672571e-01
-2.070965250114932821e-01
-2.060813459673193071e-01
-2.050661669231453044e-01
-2.040509878789713294e-01
-2.030358088347973267e-01
-2.020206297906233517e-01
-2.010054507464493767e-01
-1.999902717022753740e-01
-1.989750926581013990e-01
-1.979599136139273963e-01
-1.969447345697534213e-01
-1.959295555255794186e-01
-1.949143764814054436e-01
-1.938991974372314686e-01
-1.928840183930574659e-01
-1.918688393488834909e-01
-1.908536603047094882e-01
-1.898384812605355132e-01
-1.888233022163615105e-01
-1.878081231721875355e-01
-1.867929441280135605e-01
-1.857777650838395578e-01
-1.847625860396655828e-01
-1.837474069954915801e-01
-1.827322279513176051e-01
-1.817170489071436301e-01
-1.807018698629696274e-01
-1.796866908187956524e-01
-1.786715117746216497e-01
-1.776563327304476747e-01
-1.766411536862736720e-01
-1.756259746420996970e-01
-1.746107955979257220e-01
-1.735956165537517193e-01
-1.725804375095777443e-01
-1.715652584654037416e-01
-1.705500794212297666e-01
-1.695349003770557639e-01
-1.685197213328817889e-01
-1.675045422887078139e-01
-1.664893632445338112e-01
-1.654741842003598362e-01
-1.644590051561858335e-01
-1.634438261120118585e-01
-1.624286470678378835e-01
-1.614134680236638808e-01
-1.603982889794899058e-01
-1.593831099353159031e-01
-1.583679308911419281e-01
-1.573527518469679254e-01
-1.563375728027939504e-01
-1.553223937586199754e-01
-1.543072147144459727e-01
-1.532920356702719977e-01
-1.522768566260979950e-01
-1.512616775819240200e-01
-1.502464985377500173e-01
-1.492313194935760423e-01
-1.482161404494020673e-01
-1.472009614052280646e-01
-1.461857823610540896e-01
-1.451706033168800869e-01
-1.441554242727061119e-01
-1.431402452285321092e-01
-1.421250661843581342e-01
-1.411098871401841592e-01
-1.400947080960101565e-01
-1.390795290518361815e-01
-1.380643500076621788e-01
-1.370491709634882038e-01
-1.360339919193142288e-01
-1.350188128751402261e-01
-1.340036338309662511e-01
-1.329884547867922484e-01
-1.319732757426182734e-01
-1.309580966984442707e-01
-1.299429176542702957e-01
-1.289277386100963207e-01
-1.279125595659223180e-01
-1.268973805217483430e-01
-1.258822014775743403e-01
-1.248670224334003653e-01
-1.238518433892263765e-01
-1.228366643450523876e-01
-1.218214853008783988e-01
-1.208063062567044099e-01
-1.197911272125304349e-01
-1.187759481683564461e-01
-1.177607691241824572e-01
-1.167455900800084684e-01
-1.157304110358344795e-01
-1.147152319916604907e-01
-1.137000529474865018e-01
-1.126848739033125268e-01
-1.116696948591385380e-01
-1.106545158149645491e-01
-1.096393367707905603e-01
-1.086241577266165714e-01
-1.076089786824425826e-01
-1.065937996382686076e-01
-1.055786205940946187e-01
-1.045634415499206299e-01
-1.035482625057466410e-01
-1.025330834615726522e-01
-1.015179044173986633e-01
-1.005027253732246884e-01
-9.948754632905069950e-02
-9.847236728487671065e-02
-9.745718824070272179e-02
-9.644200919652873294e-02
-9.542683015235474409e-02
-9.441165110818075523e-02
-9.339647206400678026e-02
-9.238129301983279140e-02
-9.136611397565880255e-02
-9.035093493148481369e-02
-8.933575588731082484e-02
-8.832057684313683599e-02
-8.730539779896286101e-02
-8.629021875478887216e-02
-8.527503971061488330e-02
-8.425986066644089445e-02
-8.324468162226690560e-02
-8.222950257809291674e-02
-8.121432353391894177e-02
-8.019914448974495291e-02
-7.918396544557096406e-02
-7.816878640139697521e-02
-7.715360735722298635e-02
-7.613842831304899750e-02
-7.512324926887500864e-02
-7.410807022470103367e-02
-7.309289118052704481e-02
-7.207771213635305596e-02
-7.106253309217906711e-02
-7.004735404800507825e-02
-6.903217500383108940e-02
-6.801699595965711442e-02
-6.700181691548312557e-02
-6.598663787130913672e-02
-6.497145882713514786e-02
-6.395627978296115901e-02
-6.294110073878717015e-02
-6.192592169461318824e-02
-6.091074265043919939e-02
-5.989556360626521747e-02
-5.888038456209122862e-02
-5.786520551791723976e-02
-5.685002647374325091e-02
-5.583484742956926900e-02
-5.481966838539528014e-02
-5.380448934122129129e-02
-5.278931029704730937e-02
-5.177413125287332052e-02
-5.075895220869933167e-02
-4.974377316452534975e-02
-4.872859412035136090e-02
-4.771341507617737204e-02
-4.669823603200339013e-02
-4.568305698782940127e-02
-4.466787794365541242e-02
-4.365269889948143051e-02
-4.263751985530744165e-02
-4.162234081113345280e-02
-4.060716176695947088e-02
-3.959198272278548203e-02
-3.857680367861149318e-02
-3.756162463443750432e-02
-3.654644559026352241e-02
-3.553126654608953355e-02
-3.451608750191554470e-02
-3.350090845774156278e-02
-3.248572941356757393e-02
-3.147055036939358508e-02
-3.045537132521959969e-02
-2.944019228104561431e-02
-2.842501323687162545e-02
-2.740983419269764007e-02
-2.639465514852365469e-02
-2.537947610434966583e-02
-2.436429706017568045e-02
-2.334911801600169506e-02
-2.233393897182770621e-02
-2.131875992765372083e-02
-2.030358088347973544e-02
-1.928840183930574659e-02
-1.827322279513176120e-02
-1.725804375095777235e-02
-1.624286470678378697e-02
-1.522768566260979985e-02
-1.421250661843581273e-02
-1.319732757426182734e-02
-1.218214853008784022e-02
-1.116696948591385311e-02
-1.015179044173986772e-02
-9.136611397565880602e-03
-8.121432353391893483e-03
-7.106253309217906364e-03
-6.091074265043920112e-03
-5.075895220869933860e-03
-4.060716176695946741e-03
-3.045537132521960056e-03
-2.030358088347973371e-03
-1.015179044173986685e-03
