0.000000000000000000e+00
5.005005005005004962e-03
1.001001001001000992e-02
1.501501501501501488e-02
2.002002002002001985e-02
2.502502502502502307e-02
3.003003003003002977e-02
3.503503503503503647e-02
4.004004004004003969e-02
4.504504504504504292e-02
5.005005005005004615e-02
5.505505505505505631e-02
6.006006006006005954e-02
6.506506506506506970e-02
7.007007007007007293e-02
7.507507507507507616e-02
8.008008008008007939e-02
8.508508508508508261e-02
9.009009009009008584e-02
9.509509509509508907e-02
1.001001001001000923e-01
1.051051051051051094e-01
1.101101101101101126e-01
1.151151151151151159e-01
1.201201201201201191e-01
1.251251251251251362e-01
1.301301301301301394e-01
1.351351351351351426e-01
1.401401401401401459e-01
1.451451451451451491e-01
1.501501501501501523e-01
1.551551551551551555e-01
1.601601601601601588e-01
1.651651651651651620e-01
1.701701701701701652e-01
1.751751751751751685e-01
1.801801801801801717e-01
1.851851851851851749e-01
1.901901901901901781e-01
1.951951951951951814e-01
2.002002002002001846e-01
2.052052052052052156e-01
2.102102102102102188e-01
2.152152152152152220e-01
2.202202202202202252e-01
2.252252252252252285e-01
2.302302302302302317e-01
2.352352352352352349e-01
2.402402402402402382e-01
2.452452452452452414e-01
2.502502502502502724e-01
2.552552552552552756e-01
2.602602602602602788e-01
2.652652652652652820e-01
2.702702702702702853e-01
2.752752752752752885e-01
2.802802802802802917e-01
2.852852852852852950e-01
2.902902902902902982e-01
2.952952952952953014e-01
3.003003003003003046e-01
3.053053053053053079e-01
3.103103103103103111e-01
3.153153153153153143e-01
3.203203203203203175e-01
3.253253253253253208e-01
3.303303303303303240e-01
3.353353353353353272e-01
3.403403403403403304e-01
3.453453453453453337e-01
3.503503503503503369e-01
3.553553553553553401e-01
3.603603603603603434e-01
3.653653653653653466e-01
3.703703703703703498e-01
3.753753753753753530e-01
3.803803803803803563e-01
3.853853853853853595e-01
3.903903903903903627e-01
3.953953953953953659e-01
4.004004004004003692e-01
4.054054054054054279e-01
4.104104104104104311e-01
4.154154154154154344e-01
4.204204204204204376e-01
4.254254254254254408e-01
4.304304304304304440e-01
4.354354354354354473e-01
4.404404404404404505e-01
4.454454454454454537e-01
4.504504504504504570e-01
4.554554554554554602e-01
4.604604604604604634e-01
4.654654654654654666e-01
4.704704704704704699e-01
4.754754754754754731e-01
4.804804804804804763e-01
4.854854854854854795e-01
4.904904904904904828e-01
4.954954954954954860e-01
5.005005005005005447e-01
5.055055055055055480e-01
5.105105105105105512e-01
5.155155155155155544e-01
5.205205205205205576e-01
5.255255255255255609e-01
5.305305305305305641e-01
5.355355355355355673e-01
5.405405405405405705e-01
5.455455455455455738e-01
5.505505505505505770e-01
5.555555555555555802e-01
5.605605605605605835e-01
5.655655655655655867e-01
5.705705705705705899e-01
5.755755755755755931e-01
5.805805805805805964e-01
5.855855855855855996e-01
5.905905905905906028e-01
5.955955955955956060e-01
6.006006006006006093e-01
6.056056056056056125e-01
6.106106106106106157e-01
6.156156156156156189e-01
6.206206206206206222e-01
6.256256256256256254e-01
6.306306306306306286e-01
6.356356356356356319e-01
6.406406406406406351e-01
6.456456456456456383e-01
6.506506506506506415e-01
6.556556556556556448e-01
6.606606606606606480e-01
6.656656656656656512e-01
6.706706706706706544e-01
6.756756756756756577e-01
6.806806806806806609e-01
6.856856856856856641e-01
6.906906906906906674e-01
6.956956956956956706e-01
7.007007007007006738e-01
7.057057057057056770e-01
7.107107107107106803e-01
7.157157157157156835e-01
7.207207207207206867e-01
7.257257257257256899e-01
7.307307307307306932e-01
7.357357357357356964e-01
7.407407407407406996e-01
7.457457457457457028e-01
7.507507507507507061e-01
7.557557557557557093e-01
7.607607607607607125e-01
7.657657657657657158e-01
7.707707707707707190e-01
7.757757757757757222e-01
7.807807807807807254e-01
7.857857857857857287e-01
7.907907907907907319e-01
7.957957957957957351e-01
8.008008008008007383e-01
8.058058058058058526e-01
8.108108108108108558e-01
8.158158158158158590e-01
8.208208208208208623e-01
8.258258258258258655e-01
8.308308308308308687e-01
8.358358358358358720e-01
8.408408408408408752e-01
8.458458458458458784e-01
8.508508508508508816e-01
8.558558558558558849e-01
8.608608608608608881e-01
8.658658658658658913e-01
8.708708708708708945e-01
8.758758758758758978e-01
8.808808808808809010e-01
8.858858858858859042e-01
8.908908908908909074e-01
8.958958958958959107e-01
9.009009009009009139e-01
9.059059059059059171e-01
9.109109109109109204e-01
9.159159159159159236e-01
9.209209209209209268e-01
9.259259259259259300e-01
9.309309309309309333e-01
9.359359359359359365e-01
9.409409409409409397e-01
9.459459459459459429e-01
9.509509509509509462e-01
9.559559559559559494e-01
9.609609609609609526e-01
9.659659659659659559e-01
9.709709709709709591e-01
9.759759759759759623e-01
9.809809809809809655e-01
9.859859859859859688e-01
9.909909909909909720e-01
9.959959959959959752e-01
1.001001001001001089e+00
1.006006006006006093e+00
1.011011011011011096e+00
1.016016016016016099e+00
1.021021021021021102e+00
1.026026026026026106e+00
1.031031031031031109e+00
1.036036036036036112e+00
1.041041041041041115e+00
1.046046046046046119e+00
1.051051051051051122e+00
1.056056056056056125e+00
1.061061061061061128e+00
1.066066066066066131e+00
1.071071071071071135e+00
1.076076076076076138e+00
1.081081081081081141e+00
1.086086086086086144e+00
1.091091091091091148e+00
1.096096096096096151e+00
1.101101101101101154e+00
1.106106106106106157e+00
1.111111111111111160e+00
1.116116116116116164e+00
1.121121121121121167e+00
1.126126126126126170e+00
1.131131131131131173e+00
1.136136136136136177e+00
1.141141141141141180e+00
1.146146146146146183e+00
1.151151151151151186e+00
1.156156156156156189e+00
1.161161161161161193e+00
1.166166166166166196e+00
1.171171171171171199e+00
1.176176176176176202e+00
1.181181181181181206e+00
1.186186186186186209e+00
1.191191191191191212e+00
1.196196196196196215e+00
1.201201201201201219e+00
1.206206206206206222e+00
1.211211211211211225e+00
1.216216216216216228e+00
1.221221221221221231e+00
1.226226226226226235e+00
1.231231231231231238e+00
1.236236236236236241e+00
1.241241241241241244e+00
1.246246246246246248e+00
1.251251251251251251e+00
1.256256256256256254e+00
1.261261261261261257e+00
1.266266266266266260e+00
1.271271271271271264e+00
1.276276276276276267e+00
1.281281281281281270e+00
1.286286286286286273e+00
1.291291291291291277e+00
1.296296296296296280e+00
1.301301301301301283e+00
1.306306306306306286e+00
1.311311311311311290e+00
1.316316316316316293e+00
1.321321321321321296e+00
1.326326326326326299e+00
1.331331331331331302e+00
1.336336336336336306e+00
1.341341341341341309e+00
1.346346346346346312e+00
1.351351351351351315e+00
1.356356356356356319e+00
1.361361361361361322e+00
1.366366366366366325e+00
1.371371371371371328e+00
1.376376376376376331e+00
1.381381381381381335e+00
1.386386386386386338e+00
1.391391391391391341e+00
1.396396396396396344e+00
1.401401401401401348e+00
1.406406406406406351e+00
1.411411411411411354e+00
1.416416416416416357e+00
1.421421421421421361e+00
1.426426426426426364e+00
1.431431431431431367e+00
1.436436436436436370e+00
1.441441441441441373e+00
1.446446446446446377e+00
1.451451451451451380e+00
1.456456456456456383e+00
1.461461461461461386e+00
1.466466466466466390e+00
1.471471471471471393e+00
1.476476476476476396e+00
1.481481481481481399e+00
1.486486486486486402e+00
1.491491491491491406e+00
1.496496496496496409e+00
1.501501501501501412e+00
1.506506506506506415e+00
1.511511511511511419e+00
1.516516516516516422e+00
1.521521521521521425e+00
1.526526526526526428e+00
1.531531531531531432e+00
1.536536536536536435e+00
1.541541541541541438e+00
1.546546546546546441e+00
1.551551551551551444e+00
1.556556556556556448e+00
1.561561561561561451e+00
1.566566566566566454e+00
1.571571571571571457e+00
1.576576576576576461e+00
1.581581581581581464e+00
1.586586586586586467e+00
1.591591591591591470e+00
1.596596596596596473e+00
1.601601601601601477e+00
1.606606606606606702e+00
1.611611611611611705e+00
1.616616616616616708e+00
1.621621621621621712e+00
1.626626626626626715e+00
1.631631631631631718e+00
1.636636636636636721e+00
1.641641641641641725e+00
1.646646646646646728e+00
1.651651651651651731e+00
1.656656656656656734e+00
1.661661661661661737e+00
1.666666666666666741e+00
1.671671671671671744e+00
1.676676676676676747e+00
1.681681681681681750e+00
1.686686686686686754e+00
1.691691691691691757e+00
1.696696696696696760e+00
1.701701701701701763e+00
1.706706706706706766e+00
1.711711711711711770e+00
1.716716716716716773e+00
1.721721721721721776e+00
1.726726726726726779e+00
1.731731731731731783e+00
1.736736736736736786e+00
1.741741741741741789e+00
1.746746746746746792e+00
1.751751751751751796e+00
1.756756756756756799e+00
1.761761761761761802e+00
1.766766766766766805e+00
1.771771771771771808e+00
1.776776776776776812e+00
1.781781781781781815e+00
1.786786786786786818e+00
1.791791791791791821e+00
1.796796796796796825e+00
1.801801801801801828e+00
1.806806806806806831e+00
1.811811811811811834e+00
1.816816816816816837e+00
1.821821821821821841e+00
1.826826826826826844e+00
1.831831831831831847e+00
1.836836836836836850e+00
1.841841841841841854e+00
1.846846846846846857e+00
1.851851851851851860e+00
1.856856856856856863e+00
1.861861861861861867e+00
1.866866866866866870e+00
1.871871871871871873e+00
1.876876876876876876e+00
1.881881881881881879e+00
1.886886886886886883e+00
1.891891891891891886e+00
1.896896896896896889e+00
1.901901901901901892e+00
1.906906906906906896e+00
1.911911911911911899e+00
1.916916916916916902e+00
1.921921921921921905e+00
1.926926926926926908e+00
1.931931931931931912e+00
1.936936936936936915e+00
1.941941941941941918e+00
1.946946946946946921e+00
1.951951951951951925e+00
1.956956956956956928e+00
1.961961961961961931e+00
1.966966966966966934e+00
1.971971971971971938e+00
1.976976976976976941e+00
1.981981981981981944e+00
1.986986986986986947e+00
1.991991991991991950e+00
1.996996996996996954e+00
2.002002002002002179e+00
2.007007007007007182e+00
2.012012012012012185e+00
2.017017017017017189e+00
2.022022022022022192e+00
2.027027027027027195e+00
2.032032032032032198e+00
2.037037037037037202e+00
2.042042042042042205e+00
2.047047047047047208e+00
2.052052052052052211e+00
2.057057057057057214e+00
2.062062062062062218e+00
2.067067067067067221e+00
2.072072072072072224e+00
2.077077077077077227e+00
2.082082082082082231e+00
2.087087087087087234e+00
2.092092092092092237e+00
2.097097097097097240e+00
2.102102102102102243e+00
2.107107107107107247e+00
2.112112112112112250e+00
2.117117117117117253e+00
2.122122122122122256e+00
2.127127127127127260e+00
2.132132132132132263e+00
2.137137137137137266e+00
2.142142142142142269e+00
2.147147147147147273e+00
2.152152152152152276e+00
2.157157157157157279e+00
2.162162162162162282e+00
2.167167167167167285e+00
2.172172172172172289e+00
2.177177177177177292e+00
2.182182182182182295e+00
2.187187187187187298e+00
2.192192192192192302e+00
2.197197197197197305e+00
2.202202202202202308e+00
2.207207207207207311e+00
2.212212212212212314e+00
2.217217217217217318e+00
2.222222222222222321e+00
2.227227227227227324e+00
2.232232232232232327e+00
2.237237237237237331e+00
2.242242242242242334e+00
2.247247247247247337e+00
2.252252252252252340e+00
2.257257257257257343e+00
2.262262262262262347e+00
2.267267267267267350e+00
2.272272272272272353e+00
2.277277277277277356e+00
2.282282282282282360e+00
2.287287287287287363e+00
2.292292292292292366e+00
2.297297297297297369e+00
2.302302302302302373e+00
2.307307307307307376e+00
2.312312312312312379e+00
2.317317317317317382e+00
2.322322322322322385e+00
2.327327327327327389e+00
2.332332332332332392e+00
2.337337337337337395e+00
2.342342342342342398e+00
2.347347347347347402e+00
2.352352352352352405e+00
2.357357357357357408e+00
2.362362362362362411e+00
2.367367367367367414e+00
2.372372372372372418e+00
2.377377377377377421e+00
2.382382382382382424e+00
2.387387387387387427e+00
2.392392392392392431e+00
2.397397397397397434e+00
2.402402402402402437e+00
2.407407407407407440e+00
2.412412412412412444e+00
2.417417417417417447e+00
2.422422422422422450e+00
2.427427427427427453e+00
2.432432432432432456e+00
2.437437437437437460e+00
2.442442442442442463e+00
2.447447447447447466e+00
2.452452452452452469e+00
2.457457457457457473e+00
2.462462462462462476e+00
2.467467467467467479e+00
2.472472472472472482e+00
2.477477477477477485e+00
2.482482482482482489e+00
2.487487487487487492e+00
2.492492492492492495e+00
2.497497497497497498e+00
2.502502502502502502e+00
2.507507507507507505e+00
2.512512512512512508e+00
2.517517517517517511e+00
2.522522522522522515e+00
2.527527527527527518e+00
2.532532532532532521e+00
2.537537537537537524e+00
2.542542542542542527e+00
2.547547547547547531e+00
2.552552552552552534e+00
2.557557557557557537e+00
2.562562562562562540e+00
2.567567567567567544e+00
2.572572572572572547e+00
2.577577577577577550e+00
2.582582582582582553e+00
2.587587587587587556e+00
2.592592592592592560e+00
2.597597597597597563e+00
2.602602602602602566e+00
2.607607607607607569e+00
2.612612612612612573e+00
2.617617617617617576e+00
2.622622622622622579e+00
2.627627627627627582e+00
2.632632632632632586e+00
2.637637637637637589e+00
2.642642642642642592e+00
2.647647647647647595e+00
2.652652652652652598e+00
2.657657657657657602e+00
2.662662662662662605e+00
2.667667667667667608e+00
2.672672672672672611e+00
2.677677677677677615e+00
2.682682682682682618e+00
2.687687687687687621e+00
2.692692692692692624e+00
2.697697697697697627e+00
2.702702702702702631e+00
2.707707707707707634e+00
2.712712712712712637e+00
2.717717717717717640e+00
2.722722722722722644e+00
2.727727727727727647e+00
2.732732732732732650e+00
2.737737737737737653e+00
2.742742742742742657e+00
2.747747747747747660e+00
2.752752752752752663e+00
2.757757757757757666e+00
2.762762762762762669e+00
2.767767767767767673e+00
2.772772772772772676e+00
2.777777777777777679e+00
2.782782782782782682e+00
2.787787787787787686e+00
2.792792792792792689e+00
2.797797797797797692e+00
2.802802802802802695e+00
2.807807807807807698e+00
2.812812812812812702e+00
2.817817817817817705e+00
2.822822822822822708e+00
2.827827827827827711e+00
2.832832832832832715e+00
2.837837837837837718e+00
2.842842842842842721e+00
2.847847847847847724e+00
2.852852852852852727e+00
2.857857857857857731e+00
2.862862862862862734e+00
2.867867867867867737e+00
2.872872872872872740e+00
2.877877877877877744e+00
2.882882882882882747e+00
2.887887887887887750e+00
2.892892892892892753e+00
2.897897897897897757e+00
2.902902902902902760e+00
2.907907907907907763e+00
2.912912912912912766e+00
2.917917917917917769e+00
2.922922922922922773e+00
2.927927927927927776e+00
2.932932932932932779e+00
2.937937937937937782e+00
2.942942942942942786e+00
2.947947947947947789e+00
2.952952952952952792e+00
2.957957957957957795e+00
2.962962962962962798e+00
2.967967967967967802e+00
2.972972972972972805e+00
2.977977977977977808e+00
2.982982982982982811e+00
2.987987987987987815e+00
2.992992992992992818e+00
2.997997997997997821e+00
3.003003003003002824e+00
3.008008008008007828e+00
3.013013013013012831e+00
3.018018018018017834e+00
3.023023023023022837e+00
3.028028028028027840e+00
3.033033033033032844e+00
3.038038038038037847e+00
3.043043043043042850e+00
3.048048048048047853e+00
3.053053053053052857e+00
3.058058058058057860e+00
3.063063063063062863e+00
3.068068068068067866e+00
3.073073073073072869e+00
3.078078078078077873e+00
3.083083083083082876e+00
3.088088088088087879e+00
3.093093093093092882e+00
3.098098098098097886e+00
3.103103103103102889e+00
3.108108108108107892e+00
3.113113113113112895e+00
3.118118118118117899e+00
3.123123123123122902e+00
3.128128128128127905e+00
3.133133133133132908e+00
3.138138138138137911e+00
3.143143143143142915e+00
3.148148148148147918e+00
3.153153153153152921e+00
3.158158158158157924e+00
3.163163163163162928e+00
3.168168168168167931e+00
3.173173173173172934e+00
3.178178178178177937e+00
3.183183183183182940e+00
3.188188188188187944e+00
3.193193193193192947e+00
3.198198198198197950e+00
3.203203203203202953e+00
3.208208208208208401e+00
3.213213213213213404e+00
3.218218218218218407e+00
3.223223223223223410e+00
3.228228228228228414e+00
3.233233233233233417e+00
3.238238238238238420e+00
3.243243243243243423e+00
3.248248248248248427e+00
3.253253253253253430e+00
3.258258258258258433e+00
3.263263263263263436e+00
3.268268268268268439e+00
3.273273273273273443e+00
3.278278278278278446e+00
3.283283283283283449e+00
3.288288288288288452e+00
3.293293293293293456e+00
3.298298298298298459e+00
3.303303303303303462e+00
3.308308308308308465e+00
3.313313313313313468e+00
3.318318318318318472e+00
3.323323323323323475e+00
3.328328328328328478e+00
3.333333333333333481e+00
3.338338338338338485e+00
3.343343343343343488e+00
3.348348348348348491e+00
3.353353353353353494e+00
3.358358358358358497e+00
3.363363363363363501e+00
3.368368368368368504e+00
3.373373373373373507e+00
3.378378378378378510e+00
3.383383383383383514e+00
3.388388388388388517e+00
3.393393393393393520e+00
3.398398398398398523e+00
3.403403403403403527e+00
3.408408408408408530e+00
3.413413413413413533e+00
3.418418418418418536e+00
3.423423423423423539e+00
3.428428428428428543e+00
3.433433433433433546e+00
3.438438438438438549e+00
3.443443443443443552e+00
3.448448448448448556e+00
3.453453453453453559e+00
3.458458458458458562e+00
3.463463463463463565e+00
3.468468468468468568e+00
3.473473473473473572e+00
3.478478478478478575e+00
3.483483483483483578e+00
3.488488488488488581e+00
3.493493493493493585e+00
3.498498498498498588e+00
3.503503503503503591e+00
3.508508508508508594e+00
3.513513513513513598e+00
3.518518518518518601e+00
3.523523523523523604e+00
3.528528528528528607e+00
3.533533533533533610e+00
3.538538538538538614e+00
3.543543543543543617e+00
3.548548548548548620e+00
3.553553553553553623e+00
3.558558558558558627e+00
3.563563563563563630e+00
3.568568568568568633e+00
3.573573573573573636e+00
3.578578578578578639e+00
3.583583583583583643e+00
3.588588588588588646e+00
3.593593593593593649e+00
3.598598598598598652e+00
3.603603603603603656e+00
3.608608608608608659e+00
3.613613613613613662e+00
3.618618618618618665e+00
3.623623623623623669e+00
3.628628628628628672e+00
3.633633633633633675e+00
3.638638638638638678e+00
3.643643643643643681e+00
3.648648648648648685e+00
3.653653653653653688e+00
3.658658658658658691e+00
3.663663663663663694e+00
3.668668668668668698e+00
3.673673673673673701e+00
3.678678678678678704e+00
3.683683683683683707e+00
3.688688688688688710e+00
3.693693693693693714e+00
3.698698698698698717e+00
3.703703703703703720e+00
3.708708708708708723e+00
3.713713713713713727e+00
3.718718718718718730e+00
3.723723723723723733e+00
3.728728728728728736e+00
3.733733733733733740e+00
3.738738738738738743e+00
3.743743743743743746e+00
3.748748748748748749e+00
3.753753753753753752e+00
3.758758758758758756e+00
3.763763763763763759e+00
3.768768768768768762e+00
3.773773773773773765e+00
3.778778778778778769e+00
3.783783783783783772e+00
3.788788788788788775e+00
3.793793793793793778e+00
3.798798798798798781e+00
3.803803803803803785e+00
3.808808808808808788e+00
3.813813813813813791e+00
3.818818818818818794e+00
3.823823823823823798e+00
3.828828828828828801e+00
3.833833833833833804e+00
3.838838838838838807e+00
3.843843843843843811e+00
3.848848848848848814e+00
3.853853853853853817e+00
3.858858858858858820e+00
3.863863863863863823e+00
3.868868868868868827e+00
3.873873873873873830e+00
3.878878878878878833e+00
3.883883883883883836e+00
3.888888888888888840e+00
3.893893893893893843e+00
3.898898898898898846e+00
3.903903903903903849e+00
3.908908908908908852e+00
3.913913913913913856e+00
3.918918918918918859e+00
3.923923923923923862e+00
3.928928928928928865e+00
3.933933933933933869e+00
3.938938938938938872e+00
3.943943943943943875e+00
3.948948948948948878e+00
3.953953953953953881e+00
3.958958958958958885e+00
3.963963963963963888e+00
3.968968968968968891e+00
3.973973973973973894e+00
3.978978978978978898e+00
3.983983983983983901e+00
3.988988988988988904e+00
3.993993993993993907e+00
3.998998998998998911e+00
4.004004004004004358e+00
4.009009009009009361e+00
4.014014014014014364e+00
4.019019019019019368e+00
4.024024024024024371e+00
4.029029029029029374e+00
4.034034034034034377e+00
4.039039039039039380e+00
4.044044044044044384e+00
4.049049049049049387e+00
4.054054054054054390e+00
4.059059059059059393e+00
4.064064064064064397e+00
4.069069069069069400e+00
4.074074074074074403e+00
4.079079079079079406e+00
4.084084084084084409e+00
4.089089089089089413e+00
4.094094094094094416e+00
4.099099099099099419e+00
4.104104104104104422e+00
4.109109109109109426e+00
4.114114114114114429e+00
4.119119119119119432e+00
4.124124124124124435e+00
4.129129129129129439e+00
4.134134134134134442e+00
4.139139139139139445e+00
4.144144144144144448e+00
4.149149149149149451e+00
4.154154154154154455e+00
4.159159159159159458e+00
4.164164164164164461e+00
4.169169169169169464e+00
4.174174174174174468e+00
4.179179179179179471e+00
4.184184184184184474e+00
4.189189189189189477e+00
4.194194194194194480e+00
4.199199199199199484e+00
4.204204204204204487e+00
4.209209209209209490e+00
4.214214214214214493e+00
4.219219219219219497e+00
4.224224224224224500e+00
4.229229229229229503e+00
4.234234234234234506e+00
4.239239239239239510e+00
4.244244244244244513e+00
4.249249249249249516e+00
4.254254254254254519e+00
4.259259259259259522e+00
4.264264264264264526e+00
4.269269269269269529e+00
4.274274274274274532e+00
4.279279279279279535e+00
4.284284284284284539e+00
4.289289289289289542e+00
4.294294294294294545e+00
4.299299299299299548e+00
4.304304304304304551e+00
4.309309309309309555e+00
4.314314314314314558e+00
4.319319319319319561e+00
4.324324324324324564e+00
4.329329329329329568e+00
4.334334334334334571e+00
4.339339339339339574e+00
4.344344344344344577e+00
4.349349349349349581e+00
4.354354354354354584e+00
4.359359359359359587e+00
4.364364364364364590e+00
4.369369369369369593e+00
4.374374374374374597e+00
4.379379379379379600e+00
4.384384384384384603e+00
4.389389389389389606e+00
4.394394394394394610e+00
4.399399399399399613e+00
4.404404404404404616e+00
4.409409409409409619e+00
4.414414414414414622e+00
4.419419419419419626e+00
4.424424424424424629e+00
4.429429429429429632e+00
4.434434434434434635e+00
4.439439439439439639e+00
4.444444444444444642e+00
4.449449449449449645e+00
4.454454454454454648e+00
4.459459459459459651e+00
4.464464464464464655e+00
4.469469469469469658e+00
4.474474474474474661e+00
4.479479479479479664e+00
4.484484484484484668e+00
4.489489489489489671e+00
4.494494494494494674e+00
4.499499499499499677e+00
4.504504504504504681e+00
4.509509509509509684e+00
4.514514514514514687e+00
4.519519519519519690e+00
4.524524524524524693e+00
4.529529529529529697e+00
4.534534534534534700e+00
4.539539539539539703e+00
4.544544544544544706e+00
4.549549549549549710e+00
4.554554554554554713e+00
4.559559559559559716e+00
4.564564564564564719e+00
4.569569569569569722e+00
4.574574574574574726e+00
4.579579579579579729e+00
4.584584584584584732e+00
4.589589589589589735e+00
4.594594594594594739e+00
4.599599599599599742e+00
4.604604604604604745e+00
4.609609609609609748e+00
4.614614614614614752e+00
4.619619619619619755e+00
4.624624624624624758e+00
4.629629629629629761e+00
4.634634634634634764e+00
4.639639639639639768e+00
4.644644644644644771e+00
4.649649649649649774e+00
4.654654654654654777e+00
4.659659659659659781e+00
4.664664664664664784e+00
4.669669669669669787e+00
4.674674674674674790e+00
4.679679679679679793e+00
4.684684684684684797e+00
4.689689689689689800e+00
4.694694694694694803e+00
4.699699699699699806e+00
4.704704704704704810e+00
4.709709709709709813e+00
4.714714714714714816e+00
4.719719719719719819e+00
4.724724724724724823e+00
4.729729729729729826e+00
4.734734734734734829e+00
4.739739739739739832e+00
4.744744744744744835e+00
4.749749749749749839e+00
4.754754754754754842e+00
4.759759759759759845e+00
4.764764764764764848e+00
4.769769769769769852e+00
4.774774774774774855e+00
4.779779779779779858e+00
4.784784784784784861e+00
4.789789789789789864e+00
4.794794794794794868e+00
4.799799799799799871e+00
4.804804804804804874e+00
4.809809809809809877e+00
4.814814814814814881e+00
4.819819819819819884e+00
4.824824824824824887e+00
4.829829829829829890e+00
4.834834834834834894e+00
4.839839839839839897e+00
4.844844844844844900e+00
4.849849849849849903e+00
4.854854854854854906e+00
4.859859859859859910e+00
4.864864864864864913e+00
4.869869869869869916e+00
4.874874874874874919e+00
4.879879879879879923e+00
4.884884884884884926e+00
4.889889889889889929e+00
4.894894894894894932e+00
4.899899899899899935e+00
4.904904904904904939e+00
4.909909909909909942e+00
4.914914914914914945e+00
4.919919919919919948e+00
4.924924924924924952e+00
4.929929929929929955e+00
4.934934934934934958e+00
4.939939939939939961e+00
4.944944944944944965e+00
4.949949949949949968e+00
4.954954954954954971e+00
4.959959959959959974e+00
4.964964964964964977e+00
4.969969969969969981e+00
4.974974974974974984e+00
4.979979979979979987e+00
4.984984984984984990e+00
4.989989989989989994e+00
4.994994994994994997e+00
5.000000000000000000e+00
