5.927776404377143990e+03
5.927776404377143990e+03
5.927776404377143990e+03
5.976511675976863444e+03
5.976511675976863444e+03
5.976511675976863444e+03
5.976511675976863444e+03
6.023281109119726352e+03
6.023281109119726352e+03
6.023281109119726352e+03
6.023281109119726352e+03
6.023281109119726352e+03
6.070443877207039804e+03
6.070443877207039804e+03
6.070443877207039804e+03
6.070443877207039804e+03
6.117963662699973611e+03
6.117963662699973611e+03
6.117963662699973611e+03
6.117963662699973611e+03
6.164701609586006271e+03
6.164701609586006271e+03
6.164701609586006271e+03
6.164701609586006271e+03
6.210678168416869084e+03
6.210678168416869084e+03
6.210678168416869084e+03
6.210678168416869084e+03
6.210678168416869084e+03
6.256981225280071158e+03
6.256981225280071158e+03
6.256981225280071158e+03
6.256981225280071158e+03
6.256981225280071158e+03
6.303577721579321405e+03
6.210678168416869084e+03
6.210678168416869084e+03
6.210678168416869084e+03
6.210678168416869084e+03
6.210678168416869084e+03
6.210678168416869084e+03
6.210678168416869084e+03
6.210678168416869084e+03
6.256981225280071158e+03
6.256981225280071158e+03
6.256981225280071158e+03
6.256981225280071158e+03
6.256981225280071158e+03
6.256981225280071158e+03
6.256981225280071158e+03
6.303577721579321405e+03
6.303577721579321405e+03
6.303577721579321405e+03
6.303577721579321405e+03
6.303577721579321405e+03
6.303577721579321405e+03
6.349402818005730296e+03
6.349402818005730296e+03
6.349402818005730296e+03
6.349402818005730296e+03
6.349402818005730296e+03
6.349402818005730296e+03
6.394476911874006873e+03
6.394476911874006873e+03
6.394476911874006873e+03
6.394476911874006873e+03
6.394476911874006873e+03
6.394476911874006873e+03
6.440818199042058950e+03
6.440818199042058950e+03
6.440818199042058950e+03
6.440818199042058950e+03
6.440818199042058950e+03
6.485399459538754854e+03
6.485399459538754854e+03
6.485399459538754854e+03
6.485399459538754854e+03
6.485399459538754854e+03
6.485399459538754854e+03
6.530222618753224197e+03
6.530222618753224197e+03
6.530222618753224197e+03
6.530222618753224197e+03
6.530222618753224197e+03
6.530222618753224197e+03
6.575259131445598541e+03
6.575259131445598541e+03
6.575259131445598541e+03
6.575259131445598541e+03
6.575259131445598541e+03
6.575259131445598541e+03
6.619546989064238005e+03
6.619546989064238005e+03
6.619546989064238005e+03
6.619546989064238005e+03
6.619546989064238005e+03
6.619546989064238005e+03
6.664025203779161529e+03
6.664025203779161529e+03
6.664025203779161529e+03
6.664025203779161529e+03
6.664025203779161529e+03
6.664025203779161529e+03
6.707763948363218333e+03
6.707763948363218333e+03
6.707763948363218333e+03
6.707763948363218333e+03
6.707763948363218333e+03
6.707763948363218333e+03
6.751671724222421290e+03
6.751671724222421290e+03
6.751671724222421290e+03
6.751671724222421290e+03
6.751671724222421290e+03
6.751671724222421290e+03
6.794849799392598470e+03
6.794849799392598470e+03
6.794849799392598470e+03
6.794849799392598470e+03
6.794849799392598470e+03
6.794849799392598470e+03
6.794849799392598470e+03
6.838177153245469526e+03
6.838177153245469526e+03
6.838177153245469526e+03
6.838177153245469526e+03
6.838177153245469526e+03
6.838177153245469526e+03
6.838177153245469526e+03
6.881630038359465289e+03
6.881630038359465289e+03
6.881630038359465289e+03
6.881630038359465289e+03
6.881630038359465289e+03
6.924354890810616780e+03
6.881630038359465289e+03
6.924354890810616780e+03
6.924354890810616780e+03
6.924354890810616780e+03
6.924354890810616780e+03
6.924354890810616780e+03
6.924354890810616780e+03
6.967188316293692878e+03
6.967188316293692878e+03
6.967188316293692878e+03
6.967188316293692878e+03
7.009305476799980170e+03
7.009305476799980170e+03
7.009305476799980170e+03
7.009305476799980170e+03
7.051515584618490720e+03
7.051515584618490720e+03
7.051515584618490720e+03
7.051515584618490720e+03
7.093021494662626537e+03
7.093021494662626537e+03
7.093021494662626537e+03
7.093021494662626537e+03
7.135369469938718794e+03
7.135369469938718794e+03
7.135369469938718794e+03
7.135369469938718794e+03
7.176249421280219394e+03
7.176249421280219394e+03
7.176249421280219394e+03
7.176249421280219394e+03
7.217932952672434112e+03
7.217932952672434112e+03
7.217932952672434112e+03
7.217932952672434112e+03
7.258912857770051232e+03
7.258912857770051232e+03
7.258912857770051232e+03
7.258912857770051232e+03
7.299921872332860403e+03
7.299921872332860403e+03
7.299921872332860403e+03
7.299921872332860403e+03
7.340241441922676131e+03
7.340241441922676131e+03
7.340241441922676131e+03
7.340241441922676131e+03
7.380580118387690163e+03
7.380580118387690163e+03
7.380580118387690163e+03
7.380580118387690163e+03
7.420921580680856096e+03
7.420921580680856096e+03
7.420921580680856096e+03
7.420921580680856096e+03
7.460583645380022972e+03
7.460583645380022972e+03
7.460583645380022972e+03
7.460583645380022972e+03
7.500240376222191117e+03
7.500240376222191117e+03
7.500240376222191117e+03
7.500240376222191117e+03
7.539876918373619446e+03
7.539876918373619446e+03
