5.967066339773426989e+03
5.967558863730525445e+03
5.968051387687622992e+03
5.968543911644721447e+03
5.969036435601818994e+03
5.969528959558917450e+03
5.970021483516014996e+03
5.970514007473113452e+03
5.971006531430210998e+03
5.971499055387309454e+03
5.971991579344407000e+03
5.972484103301505456e+03
5.972976627258603003e+03
5.973469151215701459e+03
5.973961675172799914e+03
5.974454199129897461e+03
5.974946723086995917e+03
5.975439247044093463e+03
5.975931771001191919e+03
5.976424294958289465e+03
5.976916818915387921e+03
5.977409342872485468e+03
5.977901866829583923e+03
5.978394390786681470e+03
5.978886914743779926e+03
5.979379438700878381e+03
5.979871962657975928e+03
5.980364486615074384e+03
5.980857010572171930e+03
5.981349534529270386e+03
5.981842058486367932e+03
5.982334582443466388e+03
5.982827106400563935e+03
5.983319630357662390e+03
5.983812154314759937e+03
5.984304678271858393e+03
5.984797202228955939e+03
5.985289726186054395e+03
5.985782250143152851e+03
5.986274774100250397e+03
5.986767298057348853e+03
5.987259822014446399e+03
5.987752345971544855e+03
5.988244869928642402e+03
5.988737393885740858e+03
5.989229917842838404e+03
5.989722441799936860e+03
5.990214965757034406e+03
5.990707489714132862e+03
5.991200013671230408e+03
5.991692537628328864e+03
5.992185061585427320e+03
5.992677585542524866e+03
5.993170109499623322e+03
5.993662633456720869e+03
5.994155157413819325e+03
5.994647681370916871e+03
5.995140205328015327e+03
5.995632729285112873e+03
5.996125253242211329e+03
5.996617777199308875e+03
5.997110301156407331e+03
5.997602825113505787e+03
5.998095349070603334e+03
5.998587873027701789e+03
5.999080396984799336e+03
5.999572920941897792e+03
6.000065444898995338e+03
6.000557968856093794e+03
6.001050492813191340e+03
6.001543016770289796e+03
6.002035540727387342e+03
6.002528064684485798e+03
6.003020588641583345e+03
6.003513112598681801e+03
6.004005636555780256e+03
6.004498160512877803e+03
6.004990684469976259e+03
6.005483208427073805e+03
6.005975732384172261e+03
6.006468256341269807e+03
6.006960780298368263e+03
6.007453304255465810e+03
6.007945828212564265e+03
6.008438352169661812e+03
6.008930876126760268e+03
6.009423400083858724e+03
6.009915924040956270e+03
6.010408447998054726e+03
6.010900971955152272e+03
6.011393495912250728e+03
6.011886019869348274e+03
6.012378543826446730e+03
6.012871067783544277e+03
6.013363591740642732e+03
6.013856115697740279e+03
6.014348639654838735e+03
6.014841163611936281e+03
6.015333687569034737e+03
6.015826211526133193e+03
6.016318735483230739e+03
6.016811259440329195e+03
6.017303783397426741e+03
6.017796307354525197e+03
6.018288831311622744e+03
6.018781355268721200e+03
6.019273879225818746e+03
6.019766403182917202e+03
6.020258927140014748e+03
6.020751451097113204e+03
6.021243975054210750e+03
6.021736499011309206e+03
6.022229022968407662e+03
6.022721546925505208e+03
6.023214070882603664e+03
6.023706594839701211e+03
6.024199118796799667e+03
6.024691642753897213e+03
6.025184166710995669e+03
6.025676690668093215e+03
6.026169214625191671e+03
6.026661738582289217e+03
6.027154262539387673e+03
6.027646786496486129e+03
6.028139310453583676e+03
6.028631834410682131e+03
6.029124358367779678e+03
6.029616882324878134e+03
6.030109406281975680e+03
6.030601930239074136e+03
6.031094454196171682e+03
6.031586978153270138e+03
6.032079502110367685e+03
6.032572026067466140e+03
6.033064550024563687e+03
6.033557073981662143e+03
6.034049597938760598e+03
6.034542121895858145e+03
6.035034645852956601e+03
6.035527169810054147e+03
6.036019693767152603e+03
6.036512217724250149e+03
6.037004741681348605e+03
6.037497265638446152e+03
6.037989789595544607e+03
6.038482313552642154e+03
6.038974837509740610e+03
6.039467361466839066e+03
6.039959885423936612e+03
6.040452409381035068e+03
6.040944933338132614e+03
6.041437457295231070e+03
6.041929981252328616e+03
6.042422505209427072e+03
6.042915029166524619e+03
6.043407553123623074e+03
6.043900077080720621e+03
6.044392601037819077e+03
6.044885124994916623e+03
6.045377648952015079e+03
6.045870172909113535e+03
6.046362696866211081e+03
6.046855220823309537e+03
6.047347744780407083e+03
6.047840268737505539e+03
6.048332792694603086e+03
6.048825316651701542e+03
6.049317840608799088e+03
6.049810364565897544e+03
6.050302888522995090e+03
6.050795412480093546e+03
6.051287936437191092e+03
6.051780460394289548e+03
6.052272984351388004e+03
6.052765508308485551e+03
6.053258032265584006e+03
6.053750556222681553e+03
6.054243080179780009e+03
6.054735604136877555e+03
6.055228128093976011e+03
6.055720652051073557e+03
6.056213176008172013e+03
6.056705699965269559e+03
6.057198223922368015e+03
6.057690747879465562e+03
6.058183271836564018e+03
6.058675795793662473e+03
6.059168319750760020e+03
6.059660843707858476e+03
6.060153367664956022e+03
6.060645891622054478e+03
6.061138415579152024e+03
6.061630939536250480e+03
6.062123463493348027e+03
6.062615987450446482e+03
6.063108511407544029e+03
6.063601035364642485e+03
6.064093559321740941e+03
6.064586083278838487e+03
6.065078607235936943e+03
6.065571131193034489e+03
6.066063655150132945e+03
6.066556179107230491e+03
6.067048703064328947e+03
6.067541227021426494e+03
6.068033750978524949e+03
6.068526274935622496e+03
6.069018798892720952e+03
6.069511322849818498e+03
6.070003846806916954e+03
6.070496370764015410e+03
6.070988894721112956e+03
6.071481418678211412e+03
6.071973942635308958e+03
6.072466466592407414e+03
6.072958990549504961e+03
6.073451514506603417e+03
6.073944038463700963e+03
6.074436562420799419e+03
6.074929086377896965e+03
6.075421610334995421e+03
6.075914134292093877e+03
6.076406658249191423e+03
6.076899182206289879e+03
6.077391706163387425e+03
6.077884230120485881e+03
6.078376754077583428e+03
6.078869278034681884e+03
6.079361801991779430e+03
6.079854325948877886e+03
6.080346849905975432e+03
6.080839373863073888e+03
6.081331897820171434e+03
6.081824421777269890e+03
6.082316945734368346e+03
6.082809469691465893e+03
6.083301993648564348e+03
6.083794517605661895e+03
6.084287041562760351e+03
6.084779565519857897e+03
6.085272089476956353e+03
6.085764613434053899e+03
6.086257137391152355e+03
6.086749661348249901e+03
6.087242185305348357e+03
6.087734709262445904e+03
6.088227233219544360e+03
6.088719757176642815e+03
6.089212281133740362e+03
6.089704805090838818e+03
6.090197329047936364e+03
6.090689853005034820e+03
6.091182376962132366e+03
6.091674900919230822e+03
6.092167424876328369e+03
6.092659948833426824e+03
6.093152472790524371e+03
6.093644996747622827e+03
6.094137520704721283e+03
6.094630044661818829e+03
6.095122568618917285e+03
6.095615092576014831e+03
6.096107616533113287e+03
6.096600140490210833e+03
6.097092664447309289e+03
6.097585188404406836e+03
6.098077712361505291e+03
6.098570236318602838e+03
6.099062760275701294e+03
6.099555284232798840e+03
6.100047808189897296e+03
6.100540332146995752e+03
6.101032856104093298e+03
6.101525380061191754e+03
6.102017904018289300e+03
6.102510427975387756e+03
6.103002951932485303e+03
6.103495475889583759e+03
6.103987999846681305e+03
6.104480523803779761e+03
6.104973047760877307e+03
6.105465571717975763e+03
6.105958095675074219e+03
6.106450619632171765e+03
6.106943143589270221e+03
6.107435667546367767e+03
6.107928191503466223e+03
6.108420715460563770e+03
6.108913239417662226e+03
6.109405763374759772e+03
6.109898287331858228e+03
6.110390811288955774e+03
6.110883335246054230e+03
6.111375859203151776e+03
6.111868383160250232e+03
6.112360907117348688e+03
6.112853431074446235e+03
6.113345955031544690e+03
6.113838478988642237e+03
6.114331002945740693e+03
6.114823526902838239e+03
6.115316050859936695e+03
6.115808574817034241e+03
6.116301098774132697e+03
6.116793622731230244e+03
6.117286146688328699e+03
6.117778670645426246e+03
6.118271194602524702e+03
6.118763718559623157e+03
6.119256242516720704e+03
6.119748766473819160e+03
6.120241290430916706e+03
6.120733814388015162e+03
6.121226338345112708e+03
6.121718862302211164e+03
6.122211386259308711e+03
6.122703910216407166e+03
6.123196434173504713e+03
6.123688958130603169e+03
6.124181482087700715e+03
6.124674006044799171e+03
6.125166530001897627e+03
6.125659053958995173e+03
6.126151577916093629e+03
6.126644101873191175e+03
6.127136625830289631e+03
6.127629149787387178e+03
6.128121673744485634e+03
6.128614197701583180e+03
6.129106721658681636e+03
6.129599245615779182e+03
6.130091769572877638e+03
6.130584293529976094e+03
6.131076817487073640e+03
6.131569341444172096e+03
6.132061865401269642e+03
6.132554389358368098e+03
6.133046913315465645e+03
6.133539437272564101e+03
6.134031961229661647e+03
6.134524485186760103e+03
6.135017009143857649e+03
6.135509533100956105e+03
6.136002057058054561e+03
6.136494581015152107e+03
6.136987104972250563e+03
6.137479628929348110e+03
6.137972152886446565e+03
6.138464676843544112e+03
6.138957200800642568e+03
6.139449724757740114e+03
6.139942248714838570e+03
6.140434772671936116e+03
6.140927296629034572e+03
6.141419820586132118e+03
6.141912344543230574e+03
6.142404868500329030e+03
6.142897392457426577e+03
6.143389916414525032e+03
6.143882440371622579e+03
6.144374964328721035e+03
6.144867488285818581e+03
6.145360012242917037e+03
6.145852536200014583e+03
6.146345060157113039e+03
6.146837584114210586e+03
6.147330108071309041e+03
6.147822632028406588e+03
6.148315155985505044e+03
6.148807679942603500e+03
6.149300203899701046e+03
6.149792727856799502e+03
6.150285251813897048e+03
6.150777775770995504e+03
6.151270299728093050e+03
6.151762823685191506e+03
6.152255347642289053e+03
6.152747871599387508e+03
6.153240395556485055e+03
6.153732919513583511e+03
6.154225443470681057e+03
6.154717967427779513e+03
6.155210491384877969e+03
6.155703015341975515e+03
6.156195539299073971e+03
6.156688063256171517e+03
6.157180587213269973e+03
6.157673111170367520e+03
6.158165635127465976e+03
6.158658159084563522e+03
6.159150683041661978e+03
6.159643206998759524e+03
6.160135730955857980e+03
6.160628254912956436e+03
6.161120778870053982e+03
6.161613302827152438e+03
6.162105826784249984e+03
6.162598350741348440e+03
6.163090874698445987e+03
6.163583398655544443e+03
6.164075922612641989e+03
6.164568446569740445e+03
6.165060970526837991e+03
6.165553494483936447e+03
6.166046018441033993e+03
6.166538542398132449e+03
6.167031066355230905e+03
6.167523590312328452e+03
6.168016114269426907e+03
6.168508638226524454e+03
6.169001162183622910e+03
6.169493686140720456e+03
6.169986210097818912e+03
6.170478734054916458e+03
6.170971258012014914e+03
6.171463781969112461e+03
6.171956305926210916e+03
6.172448829883309372e+03
6.172941353840406919e+03
6.173433877797505374e+03
6.173926401754602921e+03
6.174418925711701377e+03
6.174911449668798923e+03
6.175403973625897379e+03
6.175896497582994925e+03
6.176389021540093381e+03
6.176881545497190928e+03
6.177374069454289383e+03
6.177866593411386930e+03
6.178359117368485386e+03
6.178851641325583842e+03
6.179344165282681388e+03
6.179836689239779844e+03
6.180329213196877390e+03
6.180821737153975846e+03
6.181314261111073392e+03
6.181806785068171848e+03
6.182299309025269395e+03
6.182791832982367850e+03
6.183284356939465397e+03
6.183776880896563853e+03
6.184269404853661399e+03
6.184761928810759855e+03
6.185254452767858311e+03
6.185746976724955857e+03
6.186239500682054313e+03
6.186732024639151859e+03
6.187224548596250315e+03
6.187717072553347862e+03
6.188209596510446318e+03
6.188702120467543864e+03
6.189194644424642320e+03
6.189687168381739866e+03
6.190179692338838322e+03
6.190672216295935868e+03
6.191164740253034324e+03
6.191657264210132780e+03
6.192149788167230327e+03
6.192642312124328782e+03
6.193134836081426329e+03
6.193627360038524785e+03
6.194119883995622331e+03
6.194612407952720787e+03
6.195104931909818333e+03
6.195597455866916789e+03
6.196089979824014335e+03
6.196582503781112791e+03
6.197075027738211247e+03
6.197567551695308794e+03
6.198060075652407249e+03
6.198552599609504796e+03
6.199045123566603252e+03
6.199537647523700798e+03
6.200030171480799254e+03
6.200522695437896800e+03
6.201015219394995256e+03
6.201507743352092803e+03
6.202000267309191258e+03
6.202492791266289714e+03
6.202985315223387261e+03
6.203477839180485716e+03
6.203970363137583263e+03
6.204462887094681719e+03
6.204955411051779265e+03
6.205447935008877721e+03
6.205940458965975267e+03
6.206432982923073723e+03
6.206925506880171270e+03
6.207418030837269725e+03
6.207910554794367272e+03
6.208403078751465728e+03
6.208895602708564184e+03
6.209388126665661730e+03
6.209880650622760186e+03
6.210373174579857732e+03
6.210865698536956188e+03
6.211358222494053734e+03
6.211850746451152190e+03
6.212343270408249737e+03
6.212835794365348193e+03
6.213328318322445739e+03
6.213820842279544195e+03
6.214313366236641741e+03
6.214805890193740197e+03
6.215298414150838653e+03
6.215790938107936199e+03
6.216283462065034655e+03
6.216775986022132201e+03
6.217268509979230657e+03
6.217761033936328204e+03
6.218253557893426660e+03
6.218746081850524206e+03
6.219238605807622662e+03
6.219731129764720208e+03
6.220223653721818664e+03
6.220716177678916210e+03
6.221208701636014666e+03
6.221701225593113122e+03
6.222193749550210669e+03
6.222686273507309124e+03
6.223178797464406671e+03
6.223671321421505127e+03
6.224163845378602673e+03
6.224656369335701129e+03
6.225148893292798675e+03
6.225641417249897131e+03
6.226133941206994677e+03
6.226626465164093133e+03
6.227118989121190680e+03
6.227611513078289136e+03
6.228104037035387591e+03
6.228596560992485138e+03
6.229089084949583594e+03
6.229581608906681140e+03
6.230074132863779596e+03
6.230566656820877142e+03
6.231059180777975598e+03
6.231551704735073145e+03
6.232044228692171600e+03
6.232536752649270056e+03
6.233029276606367603e+03
6.233521800563466059e+03
6.234014324520563605e+03
6.234506848477662061e+03
6.234999372434759607e+03
6.235491896391858063e+03
6.235984420348955609e+03
6.236476944306054065e+03
6.236969468263151612e+03
6.237461992220250067e+03
6.237954516177347614e+03
6.238447040134446070e+03
6.238939564091544526e+03
6.239432088048642072e+03
6.239924612005740528e+03
6.240417135962838074e+03
6.240909659919936530e+03
6.241402183877034076e+03
6.241894707834132532e+03
6.242387231791230079e+03
6.242879755748328535e+03
6.243372279705426081e+03
6.243864803662524537e+03
6.244357327619622083e+03
6.244849851576720539e+03
6.245342375533818995e+03
6.245834899490916541e+03
6.246327423448014997e+03
6.246819947405112543e+03
6.247312471362210999e+03
6.247804995319308546e+03
6.248297519276407002e+03
6.248790043233504548e+03
6.249282567190603004e+03
6.249775091147700550e+03
6.250267615104799006e+03
6.250760139061896552e+03
6.251252663018995008e+03
6.251745186976093464e+03
6.252237710933191011e+03
6.252730234890289466e+03
6.253222758847387013e+03
6.253715282804485469e+03
6.254207806761583015e+03
6.254700330718681471e+03
6.255192854675779017e+03
6.255685378632877473e+03
6.256177902589975020e+03
6.256670426547073475e+03
6.257162950504171022e+03
6.257655474461269478e+03
6.258147998418367933e+03
6.258640522375465480e+03
6.259133046332563936e+03
6.259625570289661482e+03
6.260118094246759938e+03
6.260610618203857484e+03
6.261103142160955940e+03
6.261595666118053487e+03
6.262088190075151942e+03
6.262580714032249489e+03
6.263073237989347945e+03
6.263565761946446401e+03
6.264058285903543947e+03
6.264550809860642403e+03
6.265043333817739949e+03
6.265535857774838405e+03
6.266028381731935951e+03
6.266520905689034407e+03
6.267013429646131954e+03
6.267505953603230409e+03
6.267998477560327956e+03
6.268491001517426412e+03
6.268983525474524868e+03
6.269476049431622414e+03
6.269968573388720870e+03
6.270461097345818416e+03
6.270953621302916872e+03
6.271446145260014418e+03
6.271938669217112874e+03
6.272431193174210421e+03
6.272923717131308877e+03
6.273416241088406423e+03
6.273908765045504879e+03
6.274401289002602425e+03
6.274893812959700881e+03
6.275386336916799337e+03
6.275878860873896883e+03
6.276371384830995339e+03
6.276863908788092886e+03
6.277356432745191341e+03
6.277848956702288888e+03
6.278341480659387344e+03
6.278834004616484890e+03
6.279326528573583346e+03
6.279819052530680892e+03
6.280311576487779348e+03
6.280804100444876894e+03
6.281296624401975350e+03
6.281789148359073806e+03
6.282281672316171353e+03
6.282774196273269808e+03
6.283266720230367355e+03
6.283759244187465811e+03
6.284251768144563357e+03
6.284744292101661813e+03
6.285236816058759359e+03
6.285729340015857815e+03
6.286221863972955362e+03
6.286714387930053817e+03
6.287206911887151364e+03
6.287699435844249820e+03
6.288191959801348276e+03
6.288684483758445822e+03
6.289177007715544278e+03
6.289669531672641824e+03
6.290162055629740280e+03
6.290654579586837826e+03
6.291147103543936282e+03
6.291639627501033829e+03
6.292132151458132284e+03
6.292624675415229831e+03
6.293117199372328287e+03
6.293609723329426743e+03
6.294102247286524289e+03
6.294594771243622745e+03
6.295087295200720291e+03
6.295579819157818747e+03
6.296072343114916293e+03
6.296564867072014749e+03
6.297057391029112296e+03
6.297549914986210752e+03
6.298042438943308298e+03
6.298534962900406754e+03
6.299027486857505210e+03
6.299520010814602756e+03
6.300012534771701212e+03
6.300505058728798758e+03
6.300997582685897214e+03
6.301490106642994760e+03
6.301982630600093216e+03
6.302475154557190763e+03
6.302967678514289219e+03
6.303460202471386765e+03
6.303952726428485221e+03
6.304445250385582767e+03
6.304937774342681223e+03
6.305430298299779679e+03
6.305922822256877225e+03
6.306415346213975681e+03
6.306907870171073228e+03
6.307400394128171683e+03
6.307892918085269230e+03
6.308385442042367686e+03
6.308877965999465232e+03
6.309370489956563688e+03
6.309863013913661234e+03
6.310355537870759690e+03
6.310848061827857236e+03
6.311340585784955692e+03
6.311833109742054148e+03
6.312325633699151695e+03
6.312818157656250150e+03
6.313310681613347697e+03
6.313803205570446153e+03
6.314295729527543699e+03
6.314788253484642155e+03
6.315280777441739701e+03
6.315773301398838157e+03
6.316265825355935704e+03
6.316758349313034159e+03
6.317250873270131706e+03
6.317743397227230162e+03
6.318235921184328618e+03
6.318728445141426164e+03
6.319220969098524620e+03
6.319713493055622166e+03
6.320206017012720622e+03
6.320698540969818168e+03
6.321191064926916624e+03
6.321683588884014171e+03
6.322176112841112626e+03
6.322668636798210173e+03
6.323161160755308629e+03
6.323653684712406175e+03
6.324146208669504631e+03
6.324638732626603087e+03
6.325131256583700633e+03
6.325623780540799089e+03
6.326116304497896635e+03
6.326608828454995091e+03
6.327101352412092638e+03
6.327593876369191094e+03
6.328086400326288640e+03
6.328578924283387096e+03
6.329071448240484642e+03
6.329563972197583098e+03
6.330056496154681554e+03
6.330549020111779100e+03
6.331041544068877556e+03
6.331534068025975103e+03
6.332026591983073558e+03
6.332519115940171105e+03
6.333011639897269561e+03
6.333504163854367107e+03
6.333996687811465563e+03
6.334489211768563109e+03
6.334981735725661565e+03
6.335474259682760021e+03
6.335966783639857567e+03
6.336459307596956023e+03
6.336951831554053570e+03
6.337444355511152025e+03
6.337936879468249572e+03
6.338429403425348028e+03
6.338921927382445574e+03
6.339414451339544030e+03
6.339906975296641576e+03
6.340399499253740032e+03
6.340892023210837579e+03
6.341384547167936034e+03
6.341877071125034490e+03
6.342369595082132037e+03
6.342862119039230492e+03
6.343354642996328039e+03
6.343847166953426495e+03
6.344339690910524041e+03
6.344832214867622497e+03
6.345324738824720043e+03
6.345817262781818499e+03
6.346309786738916046e+03
6.346802310696014501e+03
6.347294834653112048e+03
6.347787358610210504e+03
6.348279882567308960e+03
6.348772406524406506e+03
6.349264930481504962e+03
6.349757454438602508e+03
6.350249978395700964e+03
6.350742502352798510e+03
6.351235026309896966e+03
6.351727550266994513e+03
6.352220074224092969e+03
6.352712598181190515e+03
6.353205122138288971e+03
6.353697646095386517e+03
6.354190170052484973e+03
6.354682694009583429e+03
6.355175217966680975e+03
6.355667741923779431e+03
6.356160265880876977e+03
6.356652789837975433e+03
6.357145313795072980e+03
6.357637837752171436e+03
6.358130361709268982e+03
6.358622885666367438e+03
6.359115409623464984e+03
6.359607933580563440e+03
6.360100457537661896e+03
6.360592981494759442e+03
6.361085505451857898e+03
6.361578029408955445e+03
6.362070553366053900e+03
6.362563077323151447e+03
6.363055601280249903e+03
6.363548125237347449e+03
6.364040649194445905e+03
6.364533173151543451e+03
6.365025697108641907e+03
6.365518221065740363e+03
6.366010745022837909e+03
6.366503268979936365e+03
6.366995792937033912e+03
6.367488316894132367e+03
6.367980840851229914e+03
6.368473364808328370e+03
6.368965888765425916e+03
6.369458412722524372e+03
6.369950936679621918e+03
6.370443460636720374e+03
6.370935984593817921e+03
6.371428508550916376e+03
6.371921032508014832e+03
6.372413556465112379e+03
6.372906080422210835e+03
6.373398604379308381e+03
6.373891128336406837e+03
6.374383652293504383e+03
6.374876176250602839e+03
6.375368700207700385e+03
6.375861224164798841e+03
6.376353748121896388e+03
6.376846272078994843e+03
6.377338796036092390e+03
6.377831319993190846e+03
6.378323843950289302e+03
6.378816367907386848e+03
6.379308891864485304e+03
6.379801415821582850e+03
6.380293939778681306e+03
6.380786463735778852e+03
6.381278987692877308e+03
6.381771511649974855e+03
6.382264035607073311e+03
6.382756559564170857e+03
6.383249083521269313e+03
6.383741607478366859e+03
6.384234131435465315e+03
6.384726655392563771e+03
6.385219179349661317e+03
6.385711703306759773e+03
6.386204227263857319e+03
6.386696751220955775e+03
6.387189275178053322e+03
6.387681799135151778e+03
6.388174323092249324e+03
6.388666847049347780e+03
6.389159371006445326e+03
6.389651894963543782e+03
6.390144418920641328e+03
6.390636942877739784e+03
6.391129466834838240e+03
6.391621990791935787e+03
6.392114514749034242e+03
6.392607038706131789e+03
6.393099562663230245e+03
6.393592086620327791e+03
6.394084610577426247e+03
6.394577134534523793e+03
6.395069658491622249e+03
6.395562182448720705e+03
6.396054706405818251e+03
6.396547230362916707e+03
6.397039754320014254e+03
6.397532278277112709e+03
6.398024802234210256e+03
6.398517326191308712e+03
6.399009850148406258e+03
6.399502374105504714e+03
6.399994898062602260e+03
6.400487422019700716e+03
6.400979945976798263e+03
6.401472469933896718e+03
6.401964993890995174e+03
6.402457517848092721e+03
6.402950041805191177e+03
6.403442565762288723e+03
6.403935089719387179e+03
6.404427613676484725e+03
6.404920137633583181e+03
6.405412661590680727e+03
6.405905185547779183e+03
6.406397709504876730e+03
6.406890233461975185e+03
6.407382757419072732e+03
6.407875281376171188e+03
6.408367805333269644e+03
6.408860329290367190e+03
6.409352853247465646e+03
6.409845377204563192e+03
6.410337901161661648e+03
6.410830425118759194e+03
6.411322949075857650e+03
6.411815473032955197e+03
6.412307996990053653e+03
6.412800520947151199e+03
6.413293044904249655e+03
6.413785568861347201e+03
6.414278092818445657e+03
6.414770616775544113e+03
6.415263140732641659e+03
6.415755664689740115e+03
6.416248188646837662e+03
6.416740712603936117e+03
6.417233236561033664e+03
6.417725760518132120e+03
6.418218284475229666e+03
6.418710808432328122e+03
6.419203332389425668e+03
6.419695856346524124e+03
6.420188380303621670e+03
6.420680904260720126e+03
6.421173428217818582e+03
6.421665952174916129e+03
6.422158476132014584e+03
6.422651000089112131e+03
6.423143524046210587e+03
6.423636048003308133e+03
6.424128571960406589e+03
6.424621095917504135e+03
6.425113619874602591e+03
6.425606143831700138e+03
6.426098667788798593e+03
6.426591191745897049e+03
6.427083715702994596e+03
6.427576239660093051e+03
6.428068763617190598e+03
6.428561287574289054e+03
6.429053811531386600e+03
6.429546335488485056e+03
6.430038859445582602e+03
6.430531383402681058e+03
6.431023907359778605e+03
6.431516431316877060e+03
6.432008955273975516e+03
6.432501479231073063e+03
6.432994003188171519e+03
6.433486527145269065e+03
6.433979051102367521e+03
6.434471575059465067e+03
6.434964099016563523e+03
6.435456622973661069e+03
6.435949146930759525e+03
6.436441670887857072e+03
6.436934194844955528e+03
6.437426718802053074e+03
6.437919242759151530e+03
6.438411766716249986e+03
6.438904290673347532e+03
6.439396814630445988e+03
6.439889338587543534e+03
6.440381862544641990e+03
6.440874386501739536e+03
6.441366910458837992e+03
6.441859434415935539e+03
6.442351958373033995e+03
6.442844482330131541e+03
6.443337006287229997e+03
6.443829530244327543e+03
6.444322054201425999e+03
6.444814578158524455e+03
6.445307102115622001e+03
6.445799626072720457e+03
6.446292150029818004e+03
6.446784673986916459e+03
6.447277197944014006e+03
6.447769721901112462e+03
6.448262245858210008e+03
6.448754769815308464e+03
6.449247293772406010e+03
6.449739817729504466e+03
6.450232341686602012e+03
6.450724865643700468e+03
6.451217389600798924e+03
6.451709913557896471e+03
6.452202437514994926e+03
6.452694961472092473e+03
6.453187485429190929e+03
6.453680009386288475e+03
6.454172533343386931e+03
6.454665057300484477e+03
6.455157581257582933e+03
6.455650105214680480e+03
6.456142629171778935e+03
6.456635153128876482e+03
6.457127677085974938e+03
6.457620201043073394e+03
6.458112725000170940e+03
6.458605248957269396e+03
6.459097772914366942e+03
6.459590296871465398e+03
6.460082820828562944e+03
6.460575344785661400e+03
6.461067868742758947e+03
6.461560392699857402e+03
6.462052916656955858e+03
6.462545440614053405e+03
6.463037964571151861e+03
6.463530488528249407e+03
6.464023012485347863e+03
6.464515536442445409e+03
6.465008060399543865e+03
6.465500584356641411e+03
6.465993108313739867e+03
6.466485632270837414e+03
6.466978156227935870e+03
6.467470680185033416e+03
6.467963204142131872e+03
6.468455728099230328e+03
6.468948252056327874e+03
6.469440776013426330e+03
6.469933299970523876e+03
6.470425823927622332e+03
6.470918347884719878e+03
6.471410871841818334e+03
6.471903395798915881e+03
6.472395919756014337e+03
6.472888443713111883e+03
6.473380967670210339e+03
6.473873491627307885e+03
6.474366015584406341e+03
6.474858539541504797e+03
6.475351063498602343e+03
6.475843587455700799e+03
6.476336111412798346e+03
6.476828635369896801e+03
6.477321159326994348e+03
6.477813683284092804e+03
6.478306207241190350e+03
6.478798731198288806e+03
6.479291255155386352e+03
6.479783779112484808e+03
6.480276303069582355e+03
6.480768827026680810e+03
6.481261350983779266e+03
6.481753874940876813e+03
6.482246398897975268e+03
6.482738922855072815e+03
6.483231446812171271e+03
6.483723970769268817e+03
6.484216494726367273e+03
6.484709018683464819e+03
6.485201542640563275e+03
6.485694066597660822e+03
6.486186590554759277e+03
6.486679114511856824e+03
6.487171638468955280e+03
6.487664162426053736e+03
6.488156686383151282e+03
6.488649210340249738e+03
6.489141734297347284e+03
6.489634258254445740e+03
6.490126782211543286e+03
6.490619306168641742e+03
6.491111830125739289e+03
6.491604354082837744e+03
6.492096878039936200e+03
6.492589401997033747e+03
6.493081925954131293e+03
6.493574449911229749e+03
6.494066973868328205e+03
6.494559497825425751e+03
6.495052021782524207e+03
6.495544545739621753e+03
6.496037069696720209e+03
6.496529593653817756e+03
6.497022117610916212e+03
6.497514641568013758e+03
6.498007165525112214e+03
6.498499689482210670e+03
6.498992213439308216e+03
6.499484737396406672e+03
6.499977261353504218e+03
6.500469785310602674e+03
6.500962309267700221e+03
6.501454833224798676e+03
6.501947357181896223e+03
6.502439881138994679e+03
6.502932405096092225e+03
6.503424929053190681e+03
6.503917453010288227e+03
6.504409976967386683e+03
6.504902500924485139e+03
6.505395024881582685e+03
6.505887548838681141e+03
6.506380072795778688e+03
6.506872596752877143e+03
6.507365120709974690e+03
6.507857644667073146e+03
6.508350168624170692e+03
6.508842692581269148e+03
6.509335216538366694e+03
6.509827740495465150e+03
6.510320264452562697e+03
6.510812788409661152e+03
6.511305312366759608e+03
6.511797836323857155e+03
6.512290360280955611e+03
6.512782884238053157e+03
6.513275408195151613e+03
6.513767932152249159e+03
6.514260456109347615e+03
6.514752980066445161e+03
6.515245504023543617e+03
6.515738027980641164e+03
6.516230551937739619e+03
6.516723075894837166e+03
6.517215599851935622e+03
6.517708123809034078e+03
6.518200647766131624e+03
6.518693171723230080e+03
6.519185695680327626e+03
6.519678219637426082e+03
6.520170743594523628e+03
6.520663267551622084e+03
6.521155791508719631e+03
6.521648315465818087e+03
6.522140839422916542e+03
6.522633363380014089e+03
6.523125887337111635e+03
6.523618411294210091e+03
6.524110935251308547e+03
6.524603459208406093e+03
6.525095983165504549e+03
6.525588507122602095e+03
6.526081031079700551e+03
6.526573555036798098e+03
6.527066078993896554e+03
6.527558602950994100e+03
6.528051126908092556e+03
6.528543650865191012e+03
6.529036174822288558e+03
6.529528698779386104e+03
6.530021222736484560e+03
6.530513746693583016e+03
6.531006270650680563e+03
6.531498794607779018e+03
6.531991318564876565e+03
6.532483842521975021e+03
6.532976366479072567e+03
6.533468890436171023e+03
6.533961414393268569e+03
6.534453938350367025e+03
6.534946462307465481e+03
6.535438986264563027e+03
6.535931510221661483e+03
6.536424034178759030e+03
6.536916558135857485e+03
6.537409082092955032e+03
6.537901606050053488e+03
6.538394130007151034e+03
6.538886653964249490e+03
6.539379177921347036e+03
6.539871701878445492e+03
6.540364225835543039e+03
6.540856749792641494e+03
6.541349273749739950e+03
6.541841797706837497e+03
6.542334321663935953e+03
6.542826845621033499e+03
6.543319369578131955e+03
6.543811893535229501e+03
6.544304417492327957e+03
6.544796941449425503e+03
6.545289465406523959e+03
6.545781989363621506e+03
6.546274513320719961e+03
6.546767037277817508e+03
6.547259561234915964e+03
6.547752085192014420e+03
6.548244609149111966e+03
6.548737133106210422e+03
6.549229657063307968e+03
6.549722181020406424e+03
6.550214704977503970e+03
6.550707228934602426e+03
6.551199752891699973e+03
6.551692276848798429e+03
6.552184800805895975e+03
6.552677324762994431e+03
6.553169848720091977e+03
6.553662372677190433e+03
6.554154896634288889e+03
6.554647420591386435e+03
6.555139944548484891e+03
6.555632468505582438e+03
6.556124992462680893e+03
6.556617516419778440e+03
6.557110040376876896e+03
6.557602564333974442e+03
6.558095088291072898e+03
6.558587612248171354e+03
6.559080136205268900e+03
6.559572660162366446e+03
6.560065184119464902e+03
6.560557708076563358e+03
6.561050232033660905e+03
6.561542755990759360e+03
6.562035279947856907e+03
6.562527803904955363e+03
6.563020327862052909e+03
6.563512851819151365e+03
6.564005375776248911e+03
6.564497899733347367e+03
6.564990423690445823e+03
6.565482947647543369e+03
6.565975471604641825e+03
6.566467995561739372e+03
6.566960519518837827e+03
6.567453043475935374e+03
6.567945567433033830e+03
6.568438091390131376e+03
6.568930615347229832e+03
6.569423139304327378e+03
6.569915663261425834e+03
6.570408187218523381e+03
6.570900711175621836e+03
6.571393235132720292e+03
6.571885759089817839e+03
6.572378283046916295e+03
6.572870807004013841e+03
6.573363330961112297e+03
6.573855854918209843e+03
6.574348378875308299e+03
6.574840902832405845e+03
6.575333426789504301e+03
6.575825950746601848e+03
6.576318474703700304e+03
6.576810998660797850e+03
6.577303522617896306e+03
6.577796046574994762e+03
6.578288570532092308e+03
6.578781094489190764e+03
6.579273618446288310e+03
6.579766142403386766e+03
6.580258666360484312e+03
6.580751190317582768e+03
6.581243714274680315e+03
6.581736238231778771e+03
6.582228762188876317e+03
6.582721286145974773e+03
6.583213810103072319e+03
6.583706334060170775e+03
6.584198858017269231e+03
6.584691381974366777e+03
6.585183905931465233e+03
6.585676429888562780e+03
6.586168953845661235e+03
6.586661477802758782e+03
6.587154001759857238e+03
6.587646525716954784e+03
6.588139049674053240e+03
6.588631573631151696e+03
6.589124097588249242e+03
6.589616621545346788e+03
6.590109145502445244e+03
6.590601669459543700e+03
6.591094193416641247e+03
6.591586717373739702e+03
6.592079241330837249e+03
6.592571765287935705e+03
6.593064289245033251e+03
6.593556813202131707e+03
6.594049337159229253e+03
6.594541861116327709e+03
6.595034385073426165e+03
6.595526909030523711e+03
6.596019432987622167e+03
6.596511956944719714e+03
6.597004480901818170e+03
6.597497004858915716e+03
6.597989528816014172e+03
6.598482052773111718e+03
6.598974576730210174e+03
6.599467100687307720e+03
6.599959624644406176e+03
6.600452148601503723e+03
6.600944672558602178e+03
6.601437196515700634e+03
6.601929720472798181e+03
6.602422244429896637e+03
6.602914768386994183e+03
6.603407292344092639e+03
6.603899816301190185e+03
6.604392340258288641e+03
6.604884864215386187e+03
6.605377388172484643e+03
6.605869912129582190e+03
6.606362436086680646e+03
6.606854960043778192e+03
6.607347484000876648e+03
6.607840007957975104e+03
6.608332531915072650e+03
6.608825055872171106e+03
6.609317579829268652e+03
6.609810103786367108e+03
6.610302627743464654e+03
6.610795151700563110e+03
6.611287675657660657e+03
6.611780199614759113e+03
6.612272723571856659e+03
6.612765247528955115e+03
6.613257771486052661e+03
6.613750295443151117e+03
6.614242819400249573e+03
6.614735343357347119e+03
6.615227867314445575e+03
6.615720391271543122e+03
6.616212915228641577e+03
6.616705439185739124e+03
6.617197963142837580e+03
6.617690487099935126e+03
6.618183011057033582e+03
6.618675535014132038e+03
6.619168058971229584e+03
6.619660582928327131e+03
6.620153106885425586e+03
6.620645630842524042e+03
6.621138154799621589e+03
6.621630678756720044e+03
6.622123202713817591e+03
6.622615726670916047e+03
6.623108250628013593e+03
6.623600774585112049e+03
6.624093298542209595e+03
6.624585822499308051e+03
6.625078346456406507e+03
6.625570870413504053e+03
6.626063394370601600e+03
6.626555918327700056e+03
6.627048442284798512e+03
6.627540966241896058e+03
6.628033490198994514e+03
6.628526014156092060e+03
6.629018538113190516e+03
6.629511062070288062e+03
6.630003586027386518e+03
6.630496109984484065e+03
6.630988633941582520e+03
6.631481157898680976e+03
6.631973681855778523e+03
6.632466205812876979e+03
6.632958729769974525e+03
6.633451253727072981e+03
6.633943777684170527e+03
6.634436301641268983e+03
6.634928825598366529e+03
6.635421349555464985e+03
6.635913873512562532e+03
6.636406397469660988e+03
6.636898921426758534e+03
6.637391445383856990e+03
6.637883969340955446e+03
6.638376493298052992e+03
6.638869017255151448e+03
6.639361541212248994e+03
6.639854065169347450e+03
6.640346589126444997e+03
6.640839113083543452e+03
6.641331637040640999e+03
6.641824160997739455e+03
6.642316684954837001e+03
6.642809208911935457e+03
6.643301732869033003e+03
6.643794256826131459e+03
6.644286780783229915e+03
6.644779304740327461e+03
6.645271828697425917e+03
6.645764352654523464e+03
6.646256876611621919e+03
6.646749400568719466e+03
6.647241924525817922e+03
6.647734448482915468e+03
6.648226972440013924e+03
6.648719496397111470e+03
6.649212020354209926e+03
6.649704544311307473e+03
6.650197068268405928e+03
6.650689592225504384e+03
6.651182116182601931e+03
6.651674640139700386e+03
6.652167164096797933e+03
6.652659688053896389e+03
6.653152212010993935e+03
6.653644735968092391e+03
6.654137259925189937e+03
6.654629783882288393e+03
6.655122307839386849e+03
6.655614831796484395e+03
6.656107355753581942e+03
6.656599879710680398e+03
6.657092403667778854e+03
6.657584927624876400e+03
6.658077451581974856e+03
6.658569975539072402e+03
6.659062499496170858e+03
6.659555023453268404e+03
6.660047547410366860e+03
6.660540071367464407e+03
6.661032595324562863e+03
6.661525119281661318e+03
6.662017643238758865e+03
6.662510167195857321e+03
6.663002691152954867e+03
6.663495215110053323e+03
6.663987739067150869e+03
6.664480263024249325e+03
6.664972786981346871e+03
6.665465310938445327e+03
6.665957834895542874e+03
6.666450358852641330e+03
6.666942882809738876e+03
6.667435406766837332e+03
6.667927930723935788e+03
6.668420454681033334e+03
6.668912978638131790e+03
6.669405502595229336e+03
6.669898026552327792e+03
6.670390550509425339e+03
6.670883074466523794e+03
6.671375598423621341e+03
6.671868122380719797e+03
6.672360646337817343e+03
6.672853170294915799e+03
6.673345694252013345e+03
6.673838218209111801e+03
6.674330742166210257e+03
6.674823266123307803e+03
6.675315790080406259e+03
6.675808314037503806e+03
6.676300837994602261e+03
6.676793361951699808e+03
6.677285885908798264e+03
6.677778409865895810e+03
6.678270933822994266e+03
6.678763457780091812e+03
6.679255981737190268e+03
6.679748505694287815e+03
6.680241029651386270e+03
6.680733553608484726e+03
6.681226077565582273e+03
6.681718601522680729e+03
6.682211125479778275e+03
6.682703649436876731e+03
6.683196173393974277e+03
6.683688697351072733e+03
6.684181221308170279e+03
6.684673745265268735e+03
6.685166269222367191e+03
6.685658793179464737e+03
6.686151317136562284e+03
6.686643841093660740e+03
6.687136365050759196e+03
6.687628889007856742e+03
6.688121412964955198e+03
6.688613936922052744e+03
6.689106460879151200e+03
6.689598984836248746e+03
6.690091508793347202e+03
6.690584032750444749e+03
6.691076556707543205e+03
6.691569080664641660e+03
6.692061604621739207e+03
6.692554128578836753e+03
6.693046652535935209e+03
6.693539176493033665e+03
6.694031700450131211e+03
6.694524224407229667e+03
6.695016748364327213e+03
6.695509272321425669e+03
6.696001796278523216e+03
6.696494320235621672e+03
6.696986844192719218e+03
6.697479368149817674e+03
6.697971892106916130e+03
6.698464416064013676e+03
6.698956940021112132e+03
6.699449463978209678e+03
6.699941987935308134e+03
6.700434511892405681e+03
6.700927035849504136e+03
6.701419559806601683e+03
6.701912083763700139e+03
6.702404607720797685e+03
6.702897131677896141e+03
6.703389655634993687e+03
6.703882179592092143e+03
6.704374703549190599e+03
6.704867227506288145e+03
6.705359751463386601e+03
6.705852275420484148e+03
6.706344799377582603e+03
6.706837323334680150e+03
6.707329847291778606e+03
6.707822371248876152e+03
6.708314895205974608e+03
6.708807419163072154e+03
6.709299943120170610e+03
6.709792467077268157e+03
6.710284991034366612e+03
6.710777514991465068e+03
6.711270038948562615e+03
6.711762562905661071e+03
6.712255086862758617e+03
6.712747610819857073e+03
6.713240134776954619e+03
6.713732658734053075e+03
6.714225182691150621e+03
6.714717706648249077e+03
6.715210230605346624e+03
6.715702754562445080e+03
6.716195278519542626e+03
6.716687802476641082e+03
6.717180326433739538e+03
6.717672850390837084e+03
6.718165374347935540e+03
6.718657898305033086e+03
6.719150422262131542e+03
6.719642946219229088e+03
6.720135470176327544e+03
6.720627994133425091e+03
6.721120518090523547e+03
6.721613042047622002e+03
6.722105566004719549e+03
6.722598089961817095e+03
6.723090613918915551e+03
6.723583137876014007e+03
6.724075661833111553e+03
6.724568185790210009e+03
6.725060709747307556e+03
6.725553233704406011e+03
6.726045757661503558e+03
6.726538281618602014e+03
6.727030805575699560e+03
6.727523329532798016e+03
6.728015853489896472e+03
6.728508377446994018e+03
6.729000901404092474e+03
6.729493425361190020e+03
6.729985949318288476e+03
6.730478473275386023e+03
6.730970997232484478e+03
6.731463521189582025e+03
6.731956045146680481e+03
6.732448569103778027e+03
6.732941093060876483e+03
6.733433617017974029e+03
6.733926140975072485e+03
6.734418664932170941e+03
6.734911188889268487e+03
6.735403712846366943e+03
6.735896236803464490e+03
6.736388760760562946e+03
6.736881284717660492e+03
6.737373808674758948e+03
6.737866332631856494e+03
6.738358856588954950e+03
6.738851380546052496e+03
6.739343904503150952e+03
6.739836428460248499e+03
6.740328952417346954e+03
6.740821476374445410e+03
6.741314000331542957e+03
6.741806524288641413e+03
6.742299048245738959e+03
6.742791572202837415e+03
6.743284096159934961e+03
6.743776620117033417e+03
6.744269144074130963e+03
6.744761668031229419e+03
6.745254191988326966e+03
6.745746715945425422e+03
6.746239239902522968e+03
6.746731763859621424e+03
6.747224287816719880e+03
6.747716811773817426e+03
6.748209335730915882e+03
6.748701859688013428e+03
6.749194383645111884e+03
6.749686907602209430e+03
6.750179431559307886e+03
6.750671955516405433e+03
6.751164479473503889e+03
6.751657003430602344e+03
6.752149527387699891e+03
6.752642051344797437e+03
6.753134575301895893e+03
6.753627099258994349e+03
6.754119623216091895e+03
6.754612147173190351e+03
6.755104671130287898e+03
6.755597195087386353e+03
6.756089719044483900e+03
6.756582243001582356e+03
6.757074766958679902e+03
6.757567290915778358e+03
6.758059814872876814e+03
6.758552338829974360e+03
6.759044862787071906e+03
6.759537386744170362e+03
6.760029910701268818e+03
6.760522434658366365e+03
6.761014958615464820e+03
6.761507482572562367e+03
6.762000006529660823e+03
6.762492530486758369e+03
6.762985054443856825e+03
6.763477578400954371e+03
6.763970102358052827e+03
6.764462626315151283e+03
6.764955150272248829e+03
6.765447674229347285e+03
6.765940198186444832e+03
6.766432722143543288e+03
6.766925246100640834e+03
6.767417770057739290e+03
6.767910294014836836e+03
6.768402817971935292e+03
6.768895341929032838e+03
6.769387865886131294e+03
6.769880389843228841e+03
6.770372913800327296e+03
6.770865437757425752e+03
6.771357961714523299e+03
6.771850485671621755e+03
6.772343009628719301e+03
6.772835533585817757e+03
6.773328057542915303e+03
6.773820581500013759e+03
6.774313105457111305e+03
6.774805629414209761e+03
6.775298153371307308e+03
6.775790677328405764e+03
6.776283201285503310e+03
6.776775725242601766e+03
6.777268249199700222e+03
6.777760773156797768e+03
6.778253297113896224e+03
6.778745821070993770e+03
6.779238345028092226e+03
6.779730868985189773e+03
6.780223392942288228e+03
6.780715916899385775e+03
6.781208440856484231e+03
6.781700964813581777e+03
6.782193488770680233e+03
6.782686012727777779e+03
6.783178536684876235e+03
6.783671060641974691e+03
6.784163584599072237e+03
6.784656108556170693e+03
6.785148632513268240e+03
6.785641156470366695e+03
6.786133680427464242e+03
6.786626204384562698e+03
6.787118728341660244e+03
6.787611252298758700e+03
6.788103776255857156e+03
6.788596300212954702e+03
6.789088824170052249e+03
6.789581348127150704e+03
6.790073872084249160e+03
6.790566396041346707e+03
6.791058919998445162e+03
6.791551443955542709e+03
6.792043967912641165e+03
6.792536491869738711e+03
6.793029015826837167e+03
6.793521539783934713e+03
6.794014063741033169e+03
6.794506587698131625e+03
6.794999111655229171e+03
6.795491635612327627e+03
6.795984159569425174e+03
6.796476683526523630e+03
6.796969207483621176e+03
6.797461731440719632e+03
6.797954255397817178e+03
6.798446779354915634e+03
6.798939303312013180e+03
6.799431827269111636e+03
6.799924351226209183e+03
6.800416875183307639e+03
6.800909399140406094e+03
6.801401923097503641e+03
6.801894447054602097e+03
6.802386971011699643e+03
6.802879494968798099e+03
6.803372018925895645e+03
6.803864542882994101e+03
6.804357066840091647e+03
6.804849590797190103e+03
6.805342114754287650e+03
6.805834638711386106e+03
6.806327162668483652e+03
6.806819686625582108e+03
6.807312210582680564e+03
6.807804734539778110e+03
6.808297258496876566e+03
6.808789782453974112e+03
6.809282306411072568e+03
6.809774830368170115e+03
6.810267354325268570e+03
6.810759878282366117e+03
6.811252402239464573e+03
6.811744926196562119e+03
6.812237450153660575e+03
6.812729974110758121e+03
6.813222498067856577e+03
6.813715022024955033e+03
6.814207545982052579e+03
6.814700069939151035e+03
6.815192593896248582e+03
6.815685117853347037e+03
6.816177641810444584e+03
6.816670165767543040e+03
6.817162689724640586e+03
6.817655213681739042e+03
6.818147737638837498e+03
6.818640261595935044e+03
6.819132785553032591e+03
6.819625309510131046e+03
6.820117833467229502e+03
6.820610357424327049e+03
6.821102881381425505e+03
6.821595405338523051e+03
6.822087929295621507e+03
6.822580453252719053e+03
6.823072977209817509e+03
6.823565501166915055e+03
6.824058025124013511e+03
6.824550549081111967e+03
6.825043073038209513e+03
6.825535596995307969e+03
6.826028120952405516e+03
6.826520644909503972e+03
6.827013168866601518e+03
6.827505692823699974e+03
6.827998216780797520e+03
6.828490740737895976e+03
6.828983264694993522e+03
6.829475788652091978e+03
6.829968312609189525e+03
6.830460836566287981e+03
6.830953360523386436e+03
6.831445884480483983e+03
6.831938408437582439e+03
6.832430932394679985e+03
6.832923456351778441e+03
6.833415980308875987e+03
6.833908504265974443e+03
6.834401028223071989e+03
6.834893552180170445e+03
6.835386076137267992e+03
6.835878600094366448e+03
6.836371124051463994e+03
6.836863648008562450e+03
6.837356171965660906e+03
6.837848695922758452e+03
6.838341219879856908e+03
6.838833743836954454e+03
6.839326267794052910e+03
6.839818791751150457e+03
6.840311315708248912e+03
6.840803839665346459e+03
6.841296363622444915e+03
6.841788887579542461e+03
6.842281411536640917e+03
6.842773935493738463e+03
6.843266459450836919e+03
6.843758983407935375e+03
6.844251507365032921e+03
6.844744031322131377e+03
6.845236555279228924e+03
6.845729079236327379e+03
6.846221603193424926e+03
6.846714127150523382e+03
6.847206651107620928e+03
6.847699175064719384e+03
6.848191699021817840e+03
6.848684222978915386e+03
6.849176746936012933e+03
6.849669270893111388e+03
6.850161794850209844e+03
6.850654318807307391e+03
6.851146842764405847e+03
6.851639366721503393e+03
6.852131890678601849e+03
6.852624414635699395e+03
6.853116938592797851e+03
6.853609462549895397e+03
6.854101986506993853e+03
6.854594510464092309e+03
6.855087034421189855e+03
6.855579558378287402e+03
6.856072082335385858e+03
6.856564606292484314e+03
6.857057130249581860e+03
6.857549654206680316e+03
6.858042178163777862e+03
6.858534702120876318e+03
6.859027226077973864e+03
6.859519750035072320e+03
6.860012273992169867e+03
6.860504797949268323e+03
6.860997321906366778e+03
6.861489845863464325e+03
6.861982369820562781e+03
6.862474893777660327e+03
6.862967417734758783e+03
6.863459941691856329e+03
6.863952465648954785e+03
6.864444989606052332e+03
6.864937513563150787e+03
6.865430037520248334e+03
6.865922561477346790e+03
6.866415085434444336e+03
6.866907609391542792e+03
6.867400133348641248e+03
6.867892657305738794e+03
6.868385181262837250e+03
6.868877705219934796e+03
6.869370229177033252e+03
6.869862753134130799e+03
6.870355277091229254e+03
6.870847801048326801e+03
6.871340325005425257e+03
6.871832848962522803e+03
6.872325372919621259e+03
6.872817896876718805e+03
6.873310420833817261e+03
6.873802944790915717e+03
6.874295468748013263e+03
6.874787992705111719e+03
6.875280516662209266e+03
6.875773040619307721e+03
6.876265564576405268e+03
6.876758088533503724e+03
6.877250612490601270e+03
6.877743136447699726e+03
6.878235660404797272e+03
6.878728184361895728e+03
6.879220708318993275e+03
6.879713232276091730e+03
6.880205756233190186e+03
6.880698280190287733e+03
6.881190804147386189e+03
6.881683328104483735e+03
6.882175852061582191e+03
6.882668376018679737e+03
6.883160899975778193e+03
6.883653423932875739e+03
6.884145947889974195e+03
6.884638471847072651e+03
6.885130995804170198e+03
6.885623519761267744e+03
6.886116043718366200e+03
6.886608567675464656e+03
6.887101091632562202e+03
6.887593615589660658e+03
6.888086139546758204e+03
6.888578663503856660e+03
6.889071187460954206e+03
6.889563711418052662e+03
6.890056235375150209e+03
6.890548759332248665e+03
6.891041283289347120e+03
6.891533807246444667e+03
6.892026331203543123e+03
6.892518855160640669e+03
6.893011379117739125e+03
6.893503903074836671e+03
6.893996427031935127e+03
6.894488950989032674e+03
6.894981474946131129e+03
6.895473998903228676e+03
6.895966522860327132e+03
6.896459046817424678e+03
6.896951570774523134e+03
6.897444094731621590e+03
6.897936618688719136e+03
6.898429142645817592e+03
6.898921666602915138e+03
6.899414190560013594e+03
6.899906714517111141e+03
6.900399238474209596e+03
6.900891762431307143e+03
6.901384286388405599e+03
6.901876810345503145e+03
6.902369334302601601e+03
6.902861858259699147e+03
6.903354382216797603e+03
6.903846906173896059e+03
6.904339430130993605e+03
6.904831954088092061e+03
6.905324478045189608e+03
6.905817002002288064e+03
6.906309525959385610e+03
6.906802049916484066e+03
6.907294573873581612e+03
6.907787097830680068e+03
6.908279621787777614e+03
6.908772145744876070e+03
6.909264669701973617e+03
6.909757193659072072e+03
6.910249717616170528e+03
6.910742241573268075e+03
6.911234765530366531e+03
6.911727289487464077e+03
6.912219813444562533e+03
6.912712337401660079e+03
6.913204861358758535e+03
6.913697385315856081e+03
6.914189909272954537e+03
6.914682433230052993e+03
6.915174957187150540e+03
6.915667481144248086e+03
6.916160005101346542e+03
6.916652529058444998e+03
6.917145053015542544e+03
6.917637576972641000e+03
6.918130100929738546e+03
6.918622624886837002e+03
6.919115148843934548e+03
6.919607672801033004e+03
6.920100196758130551e+03
6.920592720715229007e+03
6.921085244672327462e+03
6.921577768629425009e+03
6.922070292586522555e+03
6.922562816543621011e+03
6.923055340500719467e+03
6.923547864457817013e+03
6.924040388414915469e+03
6.924532912372013016e+03
6.925025436329111471e+03
6.925517960286209018e+03
6.926010484243307474e+03
6.926503008200405020e+03
6.926995532157503476e+03
6.927488056114601932e+03
6.927980580071699478e+03
6.928473104028797934e+03
6.928965627985895480e+03
6.929458151942993936e+03
6.929950675900091483e+03
6.930443199857189938e+03
6.930935723814287485e+03
6.931428247771385941e+03
6.931920771728483487e+03
6.932413295685581943e+03
6.932905819642679489e+03
6.933398343599777945e+03
6.933890867556876401e+03
6.934383391513973947e+03
6.934875915471072403e+03
6.935368439428169950e+03
6.935860963385268406e+03
6.936353487342365952e+03
6.936846011299464408e+03
6.937338535256561954e+03
6.937831059213660410e+03
6.938323583170757956e+03
6.938816107127856412e+03
6.939308631084953959e+03
6.939801155042052415e+03
6.940293678999150870e+03
6.940786202956248417e+03
6.941278726913346873e+03
6.941771250870444419e+03
6.942263774827542875e+03
6.942756298784640421e+03
6.943248822741738877e+03
6.943741346698836423e+03
6.944233870655934879e+03
6.944726394613032426e+03
6.945218918570130882e+03
6.945711442527228428e+03
6.946203966484326884e+03
6.946696490441425340e+03
6.947189014398522886e+03
6.947681538355621342e+03
6.948174062312718888e+03
6.948666586269817344e+03
6.949159110226914891e+03
6.949651634184013346e+03
6.950144158141110893e+03
6.950636682098209349e+03
6.951129206055307804e+03
6.951621730012405351e+03
