1.000000000000000048e-04
1.047370897959449686e-04
1.096985797892384082e-04
1.148951000187308635e-04
1.203377840777589337e-04
1.260382929679727457e-04
1.320088400831418048e-04
1.382622173764656490e-04
1.448118227674532956e-04
1.516716888470922469e-04
1.588565129428052810e-04
1.663816886076129118e-04
1.742633386009650781e-04
1.825183494319042592e-04
1.911644075385701799e-04
2.002200371815584547e-04
2.097046401323232709e-04
2.196385372416547008e-04
2.300430119772916963e-04
2.409403560239524325e-04
2.523539170434766117e-04
2.643081486974105496e-04
2.768286630392066683e-04
2.899422853882875021e-04
3.036771118035457235e-04
3.180625692794118915e-04
3.331294787934673722e-04
3.489101213406773793e-04
3.654383070957254701e-04
3.827494478516310964e-04
4.008806328898464845e-04
4.198707084443910179e-04
4.397603609302721379e-04
4.605922041145103524e-04
4.824108704165368721e-04
5.052631065335679277e-04
5.291978735958442325e-04
5.542664520663106911e-04
5.805225516094895130e-04
6.080224261649426910e-04
6.368249944718586218e-04
6.669919663030121322e-04
6.985879746785249268e-04
7.316807143427192690e-04
7.663410868007461971e-04
8.026433522257173624e-04
8.406652885618325121e-04
8.804883581643465056e-04
9.221978823334321543e-04
9.658832241158708896e-04
1.011637979766207094e-03
1.059560179277615945e-03
1.109752496412072130e-03
1.162322468679851794e-03
1.217382727739662078e-03
1.275051240713012809e-03
1.335451562929898745e-03
1.398713102647238578e-03
1.464971398307284749e-03
1.534368408930013262e-03
1.607052818261638441e-03
1.683180353330956556e-03
1.762914118095947925e-03
1.846424942895542615e-03
1.933891750455232110e-03
2.025501939230666629e-03
2.121451784910629874e-03
2.221946860939523916e-03
2.327202478960407363e-03
2.437444150122221927e-03
2.552908068239516468e-03
2.673841615839946464e-03
2.800503894183630979e-03
2.933166278390042427e-03
3.072112998861759037e-03
3.217641750250735486e-03
3.370064329271928172e-03
3.529707302730649993e-03
3.696912707195028347e-03
3.872038781812556923e-03
4.055460735840827821e-03
4.247571552536898512e-03
4.448782831127585241e-03
4.659525668664682083e-03
4.880251583654433324e-03
5.111433483440165799e-03
5.353566677410724443e-03
5.607169938205458157e-03
5.872786613189483196e-03
6.150985788580504154e-03
6.442363508721370147e-03
6.747544053110693212e-03
7.067181273927491438e-03
7.401959996915644276e-03
7.752597488629464108e-03
8.119844993184008319e-03
8.504489341802676933e-03
8.907354638610439843e-03
9.329304026284686302e-03
9.771241535346501458e-03
1.023411402105452693e-02
1.071891319205127598e-02
1.122667773510813496e-02
1.175849554052156923e-02
1.231550603292826118e-02
1.289890261253308010e-02
1.350993521198026563e-02
1.414991297434575919e-02
1.482020705798858633e-02
1.552225357427047987e-02
1.625755666443795197e-02
1.702769172225899671e-02
1.783430876931909465e-02
1.867913599020782842e-02
1.956398343517064958e-02
2.049074689815848227e-02
2.146141197858403640e-02
2.247805833548725124e-02
2.354286414322417920e-02
2.465811075822603796e-02
2.582618760682677331e-02
2.704959730463134260e-02
2.833096101839324005e-02
2.967302408188869645e-02
3.107866187782013997e-02
3.255088599835059826e-02
3.409285069746811198e-02
3.570785964900462933e-02
3.739937302478797687e-02
3.917101490809260511e-02
4.102658105827194229e-02
4.297004704320839252e-02
4.500557675700497806e-02
4.713753134116724364e-02
4.937047852839003548e-02
5.170920242896760721e-02
5.415871378079470388e-02
5.672426068491977919e-02
5.941133984965033671e-02
6.222570836730231120e-02
6.517339604882427251e-02
6.826071834272386119e-02
7.149428986597576585e-02
7.488103857590022727e-02
7.842822061337681450e-02
8.214343584919429897e-02
8.603464416684500349e-02
9.011018251665019185e-02
9.437878277775381408e-02
9.884959046625586832e-02
1.035321843295662625e-01
1.084365968689610937e-01
1.135733358343105209e-01
1.189534067370319470e-01
1.245883364295008178e-01
1.304901978014403052e-01
1.366716356462007453e-01
1.431458937523478470e-01
1.499268432786045602e-01
1.570290124729377401e-01
1.644676177994664479e-01
1.722585965398787389e-01
1.804186409392071755e-01
1.889652339691209604e-01
1.979166867853557332e-01
2.072921779595371938e-01
2.171117945694505391e-01
2.273965752357927639e-01
2.381685551976158166e-01
2.494508135230316670e-01
2.612675225563328985e-01
2.736439997074671671e-01
2.866067616948250185e-01
3.001835813575589040e-01
3.144035471591500319e-01
3.292971255097151273e-01
3.448962260405759594e-01
3.612342699709430449e-01
3.783462617131929107e-01
3.962688638701478139e-01
4.150404757850476578e-01
4.347013158125026533e-01
4.552935074866947818e-01
4.768611697714469355e-01
4.994505115855140120e-01
5.231099308056263997e-01
5.478901179593944626e-01
5.738441648302392561e-01
6.010276782070381740e-01
6.294988990221888070e-01
6.593188271333548789e-01
6.905513520162330776e-01
7.232633896483533498e-01
7.575250258771912826e-01
7.934096665797492065e-01
8.309941949353395474e-01
8.703591361485165656e-01
9.115888299750827262e-01
9.547716114208055771e-01
1.000000000000000000e+00
