1.000000000000000000e+00
1.047129999999999894e+00
1.096479999999999899e+00
1.148150000000000004e+00
1.202260000000000106e+00
1.258930000000000105e+00
1.318259999999999987e+00
1.380379999999999940e+00
1.445440000000000058e+00
1.513560000000000016e+00
1.584889999999999910e+00
1.659589999999999899e+00
1.737800000000000011e+00
1.819700000000000095e+00
1.905459999999999932e+00
1.995260000000000034e+00
2.089300000000000157e+00
2.187759999999999927e+00
2.290869999999999962e+00
2.398829999999999796e+00
2.511890000000000178e+00
2.630269999999999886e+00
2.754230000000000178e+00
2.884030000000000094e+00
3.019950000000000134e+00
3.162279999999999980e+00
3.311310000000000198e+00
3.467369999999999841e+00
3.630780000000000118e+00
3.801890000000000214e+00
3.981069999999999887e+00
4.168689999999999785e+00
4.365160000000000373e+00
4.570879999999999832e+00
4.786299999999999777e+00
5.011870000000000047e+00
5.248070000000000235e+00
5.495409999999999684e+00
5.754400000000000404e+00
6.025599999999999845e+00
6.309569999999999901e+00
6.606930000000000192e+00
6.918309999999999960e+00
7.244360000000000355e+00
7.585779999999999745e+00
7.943279999999999674e+00
8.317640000000000811e+00
8.709640000000000271e+00
9.120110000000000383e+00
9.549920000000000186e+00
1.000000000000000000e+01
1.047129999999999939e+01
1.096480000000000032e+01
1.148150000000000048e+01
1.202260000000000062e+01
1.258929999999999971e+01
1.318260000000000076e+01
1.380380000000000074e+01
1.445439999999999969e+01
1.513560000000000016e+01
1.584890000000000043e+01
1.659590000000000032e+01
1.737800000000000011e+01
1.819699999999999918e+01
1.905460000000000065e+01
1.995260000000000034e+01
2.089300000000000068e+01
2.187760000000000105e+01
2.290869999999999962e+01
2.398829999999999885e+01
2.511890000000000001e+01
2.630270000000000152e+01
2.754230000000000089e+01
2.884029999999999916e+01
3.019950000000000045e+01
3.162280000000000157e+01
3.311310000000000286e+01
3.467369999999999663e+01
3.630780000000000030e+01
3.801890000000000214e+01
3.981069999999999709e+01
4.168690000000000140e+01
4.365160000000000196e+01
4.570879999999999654e+01
4.786299999999999955e+01
5.011869999999999692e+01
5.248069999999999879e+01
5.495409999999999684e+01
5.754399999999999693e+01
6.025600000000000023e+01
6.309570000000000078e+01
6.606929999999999836e+01
6.918309999999999604e+01
7.244360000000000355e+01
7.585779999999999745e+01
7.943280000000000030e+01
8.317640000000000100e+01
8.709629999999999939e+01
9.120109999999999673e+01
9.549920000000000186e+01
1.000000000000000000e+02
1.047129999999999939e+02
1.096479999999999961e+02
1.148149999999999977e+02
1.202259999999999991e+02
1.258930000000000007e+02
1.318259999999999934e+02
1.380380000000000109e+02
1.445440000000000111e+02
1.513559999999999945e+02
1.584890000000000043e+02
1.659590000000000032e+02
1.737800000000000011e+02
1.819699999999999989e+02
1.905459999999999923e+02
1.995260000000000105e+02
2.089300000000000068e+02
2.187760000000000105e+02
2.290869999999999891e+02
2.398830000000000098e+02
2.511889999999999930e+02
2.630269999999999868e+02
2.754230000000000018e+02
2.884030000000000200e+02
3.019950000000000045e+02
3.162280000000000086e+02
3.311309999999999718e+02
3.467370000000000232e+02
3.630779999999999745e+02
3.801890000000000214e+02
3.981070000000000277e+02
4.168690000000000282e+02
4.365160000000000196e+02
4.570880000000000223e+02
4.786299999999999955e+02
5.011870000000000118e+02
5.248070000000000164e+02
5.495410000000000537e+02
5.754400000000000546e+02
6.025599999999999454e+02
6.309569999999999936e+02
6.606929999999999836e+02
6.918310000000000173e+02
7.244360000000000355e+02
7.585769999999999982e+02
7.943279999999999745e+02
8.317630000000000337e+02
8.709629999999999654e+02
9.120109999999999673e+02
9.549930000000000518e+02
1.000000000000000000e+03
1.047130000000000109e+03
1.096480000000000018e+03
1.148150000000000091e+03
1.202259999999999991e+03
1.258930000000000064e+03
1.318259999999999991e+03
1.380380000000000109e+03
1.445440000000000055e+03
1.513559999999999945e+03
1.584890000000000100e+03
1.659589999999999918e+03
1.737799999999999955e+03
1.819700000000000045e+03
1.905460000000000036e+03
1.995259999999999991e+03
2.089300000000000182e+03
2.187760000000000218e+03
2.290869999999999891e+03
2.398829999999999927e+03
2.511889999999999873e+03
2.630269999999999982e+03
2.754230000000000018e+03
2.884030000000000200e+03
3.019949999999999818e+03
3.162280000000000200e+03
3.311309999999999945e+03
3.467369999999999891e+03
3.630780000000000200e+03
3.801889999999999873e+03
3.981070000000000164e+03
4.168689999999999600e+03
4.365159999999999854e+03
4.570880000000000109e+03
4.786300000000000182e+03
5.011869999999999891e+03
5.248069999999999709e+03
5.495409999999999854e+03
5.754399999999999636e+03
6.025600000000000364e+03
6.309569999999999709e+03
6.606930000000000291e+03
6.918310000000000400e+03
7.244359999999999673e+03
7.585770000000000437e+03
7.943279999999999745e+03
8.317629999999999200e+03
8.709629999999999200e+03
9.120100000000000364e+03
9.549930000000000291e+03
