1.500000000000000000e+01
3.500000000000000000e+01
5.500000000000000000e+01
7.500000000000000000e+01
9.500000000000000000e+01
1.150000000000000000e+02
1.350000000000000000e+02
1.550000000000000000e+02
1.750000000000000000e+02
1.950000000000000000e+02
2.150000000000000000e+02
2.350000000000000000e+02
2.550000000000000000e+02
2.750000000000000000e+02
2.950000000000000000e+02
3.150000000000000000e+02
3.350000000000000000e+02
3.550000000000000000e+02
3.750000000000000000e+02
3.950000000000000000e+02
4.150000000000000000e+02
4.350000000000000000e+02
4.550000000000000000e+02
4.750000000000000000e+02
4.950000000000000000e+02
5.150000000000000000e+02
5.350000000000000000e+02
5.550000000000000000e+02
5.750000000000000000e+02
5.950000000000000000e+02
6.150000000000000000e+02
6.350000000000000000e+02
6.550000000000000000e+02
6.750000000000000000e+02
6.950000000000000000e+02
7.150000000000000000e+02
7.350000000000000000e+02
7.550000000000000000e+02
7.750000000000000000e+02
7.950000000000000000e+02
8.150000000000000000e+02
8.350000000000000000e+02
8.550000000000000000e+02
8.750000000000000000e+02
8.950000000000000000e+02
9.150000000000000000e+02
9.350000000000000000e+02
9.550000000000000000e+02
9.750000000000000000e+02
9.950000000000000000e+02
1.015000000000000000e+03
